5.044136448390231786e-01 6.518880123183619091e-01 7.480620863975342427e-01 5.248748907606021197e-01 6.344802965723663757e-01 7.111572833556156770e-01 3.069184336789967382e-01
5.817934739112002873e-01 6.011845937729967115e-01 6.284680764201499015e-01 8.086388030659831250e-01 7.480562641831247639e-01 6.211074521742439014e-01 2.657483361708715686e-01
7.916920688849881094e-01 8.638818333478269773e-01 7.906869458449488075e-01 7.748090965454337287e-01 6.145421888221070938e-01 5.009020874258636180e-01 2.525924779445904433e-01
1.067307704147029135e-01 2.568980015300996733e-01 1.483128892564015699e-01 3.284453766872938527e-03 9.307147800533367710e-02 3.388191099608015566e-01 7.203219315895373898e-01
1.041229370231568918e-01 1.752395516537491871e-01 2.304854925344014538e-01 1.868144924506487392e-01 4.589537114775069093e-01 8.120600091944309984e-01 7.904349171954803133e-01
8.300340616146248962e-01 8.311256957907910969e-01 8.593607348666498780e-01 8.830353700982274123e-01 7.808499206289618577e-01 5.956651795605173438e-01 1.122117319300417609e-01
1.281390636524114834e-01 2.426707369272049497e-01 3.160978561237776652e-01 1.310935503804909474e-01 4.205642386736542782e-01 8.240805894561655798e-01 7.712428416653764884e-01
4.518213462361690969e-01 6.917127677197232316e-01 5.661323222574280445e-01 3.393340175831708327e-01 3.163296250308742508e-01 4.229745242756569601e-01 3.114069029561987167e-01
5.312567746659405676e-01 8.433430750103820817e-01 5.943861863989949867e-01 2.999107993311324605e-01 2.244083804317042186e-01 3.045543454615312062e-01 1.731930041789196129e-01
8.023400275891282019e-02 1.526395415797016375e-01 2.074542696911035600e-01 1.126366621772004056e-01 4.135585617576674200e-01 8.321266944193466131e-01 8.365578083887943439e-01
6.142659022264617130e-01 6.020651598295461149e-01 7.370960662479497660e-01 8.927143029193986834e-01 9.509036930492027473e-01 7.756491584021283359e-01 2.731775266986530282e-01
1.831663634270441765e-01 3.523825338328121504e-01 3.773602330340722344e-01 1.450557108144634455e-01 3.418928781080121104e-01 6.814652924711601667e-01 6.008357839343752005e-01
6.394705120159641654e-01 7.567750310779716161e-01 6.112606258369289725e-01 6.582073058818370681e-01 4.712580071132035364e-01 4.162803689348456571e-01 2.603312180776967688e-01
5.762828308366171326e-01 6.620246690647149101e-01 7.153215516580111455e-01 7.056809077953911657e-01 7.078025059204953173e-01 6.757651755794126247e-01 2.742609503172878105e-01
9.092115756133781201e-02 1.788223531361416707e-01 1.770288855266389794e-01 1.123861925537590484e-01 3.015080100683486530e-01 6.391109791095108683e-01 7.571583346231234302e-01
5.250128977737027469e-01 7.496263023088861610e-01 6.675525538235290712e-01 4.316850539775755613e-01 4.075722406262361486e-01 4.937175451157851391e-01 4.117009750812561375e-01
8.363173398203218589e-01 9.891291928865002525e-01 6.297952057076389165e-01 6.586890126763043085e-01 3.288677205271962056e-01 2.359697267088725070e-01 3.250270855904605072e-02
4.215290418462471211e-01 6.375216567949963942e-01 7.150798042824589862e-01 3.549290909570676500e-01 5.028855855450280465e-01 6.941860383448624772e-01 4.177371923850797808e-01
7.085165118181367960e-01 7.159497607181275480e-01 7.737272922294737842e-01 8.902762156997494625e-01 8.277643148051571087e-01 6.653622496665905217e-01 1.622039931899089404e-01
1.473974816814674627e-01 2.894819572114624151e-01 3.384453332618724830e-01 1.161036810554820498e-01 3.621268486028760836e-01 7.415615556863155433e-01 7.351803126451011972e-01
2.448806406981913486e-01 4.329132282836622436e-01 3.109363251591527044e-01 2.063186220072848742e-01 2.153388417754170947e-01 3.842292305569788846e-01 5.415570345147809883e-01
2.476407027060083810e-01 4.455386329929175160e-01 3.877379776052604088e-01 1.946438051854846030e-01 2.789273351387416833e-01 5.064830411977657709e-01 5.706546974152607588e-01
7.224244777376424009e-01 7.792249265539176184e-01 6.895230657480549974e-01 7.791140066914480355e-01 5.950561650721039042e-01 4.758692923539512565e-01 9.998452251973344307e-02
5.650372445019777867e-01 7.371503348392274280e-01 6.632203841387065424e-01 5.412777316815605699e-01 4.753343855520081873e-01 5.062765582488123473e-01 2.055409379353036747e-01
1.387351029174620776e-01 3.301275017813034562e-01 2.710497096408427398e-01 0.000000000000000000e+00 1.608592954520035867e-01 4.834110904934507680e-01 6.711035443429810288e-01
2.458049298430884377e-01 4.451541191482242810e-01 3.458638347391309043e-01 1.833137042769297786e-01 2.297115842210843417e-01 4.254500806931201806e-01 6.085745240674815815e-01
9.641161567137991328e-01 9.125466418607356411e-01 6.879561741074524672e-01 1.000000000000000000e+00 5.875870285399692472e-01 3.494530278081415253e-01 1.007583965330442616e-01
2.290926575241938601e-01 4.374153214708600412e-01 4.029812484855341825e-01 1.110142904939886571e-01 2.543276431586919961e-01 5.095832716984111110e-01 5.556415415570340466e-01
2.335964739107897481e-01 3.308095918347220832e-01 4.047188047934132671e-01 3.723204258394973709e-01 5.679709397123503534e-01 7.727629597114019644e-01 5.952638910385384952e-01
6.773364876273720026e-02 1.171858569802009670e-01 1.454826253585387308e-01 1.441421352326869576e-01 3.978770817884921818e-01 7.525407901359497664e-01 9.224578238662738405e-01
5.191162449563241355e-01 8.233913806329457019e-01 5.619948738213396133e-01 2.999668239059428143e-01 2.124862319740742633e-01 2.862775853726404751e-01 1.635969664138676727e-01
4.033656109440432180e-01 5.450180929429503385e-01 5.764699410178938388e-01 4.859686395567272554e-01 5.516184918684369221e-01 6.600342075496210548e-01 4.482278285095182557e-01
5.548123574011057935e-01 5.826039991843806609e-01 7.377346763238953331e-01 7.920376283317888122e-01 9.104944486897715850e-01 8.166518972491549899e-01 2.293762575452714669e-01
5.174540020447641053e-01 6.324934453113195687e-01 6.895294461773218142e-01 6.006054654211437915e-01 6.463272653644281940e-01 6.701661509553024088e-01 3.234793375638441715e-01
2.594699620392971195e-01 4.714078906488368137e-01 2.449314933309626185e-01 1.778065635755398388e-01 1.053408922882204668e-01 2.081412185679632210e-01 5.653923541247479756e-01
6.403126330050850079e-01 6.679447823987462174e-01 6.106491916634161354e-01 8.082499356967434156e-01 6.402030826023130672e-01 5.057970187533848971e-01 2.727132022906670894e-01
1.079702290242388063e-01 2.213783906898268705e-01 2.049619322321846460e-01 9.333389607916381392e-02 2.633768682151729768e-01 5.900229007804280723e-01 8.018882525924777571e-01
6.077172397574028828e-01 7.519708891236843717e-01 7.705954939707068130e-01 5.986719925695730415e-01 5.968933270385679002e-01 6.090455633543000458e-01 2.326265284011758139e-01
3.764935047345193547e-02 6.846636504954960178e-02 9.065488773256603905e-02 1.358814309990086511e-01 4.006969963672900037e-01 8.163958811032563379e-01 8.514161894443581513e-01
2.128914530752930578e-01 3.162836884999566944e-01 3.982272142700804540e-01 3.176887265077762978e-01 5.451918492783515147e-01 7.900431957150679807e-01 6.290047980188822052e-01
4.972154353003753469e-02 1.015024143680223478e-01 8.661149155011392542e-02 8.783271239240179884e-02 2.664123004147708196e-01 6.026032877572264912e-01 9.568178300572663941e-01
4.391177881744343786e-02 9.911865697340083159e-02 4.931906404679620853e-02 5.263632671159221288e-02 1.679601754390817880e-01 4.487484899285965056e-01 9.096115152453175812e-01
6.873181947467379427e-01 7.776475711003134617e-01 4.707283156030657167e-01 7.320990858130344003e-01 3.482136771699650413e-01 2.387045759916598398e-01 7.258938244853732624e-02
6.178672643627023398e-01 7.563594052274343893e-01 7.534471686986915495e-01 6.109695208357892593e-01 5.837216019985794757e-01 5.819566626022112388e-01 2.087912087912088821e-01
4.601102333830091595e-01 5.047776685260488838e-01 4.852265886571752729e-01 7.143461253688161428e-01 6.299019594092100105e-01 5.651250583832586605e-01 4.353815198885619964e-01
2.202429173060829193e-01 3.861158739264490269e-01 4.387660041843327585e-01 2.175923346926736945e-01 4.184508504423982145e-01 7.306717632707093735e-01 6.257545271629778583e-01
2.317757638416609867e-01 4.146902125780095316e-01 4.340485510966753391e-01 1.878436854815371537e-01 3.574058906227954857e-01 6.408740044954197579e-01 6.715678687509669675e-01
1.102392932061054126e-01 2.083918011596842257e-01 2.448339436568395533e-01 1.452267664554119653e-01 3.833379612872701570e-01 7.594006438507004964e-01 8.331527627302270922e-01
6.361578465868816812e-01 6.456980712316180426e-01 8.234209111054490160e-01 8.497166849752250117e-01 9.626320304183967336e-01 8.205406757528991291e-01 2.063148119486144794e-01
2.164039980841111210e-01 4.353859454286119202e-01 4.990266536997436941e-01 9.801724143221175745e-02 3.409987701759750744e-01 7.158876781215192109e-01 5.050301810865189811e-01
4.523331118377552640e-01 4.818009109874222817e-01 5.842592163292104068e-01 7.202495632299147355e-01 8.151835607492420310e-01 7.500709303937278527e-01 2.846308620956505830e-01
9.255544195755575076e-01 9.342433976886999059e-01 5.994162332582854136e-01 8.906210520715126533e-01 4.335153386734627579e-01 2.443789476477968570e-01 2.173038229376260122e-01
5.615751824260293290e-01 6.690129966835000053e-01 3.406708269901232433e-01 6.559419675407930361e-01 2.561620579526108221e-01 1.704540206088809018e-01 3.084661817056183475e-01
1.746507545556743035e-01 3.452990771886872978e-01 3.395866266391617816e-01 1.256282428768276949e-01 2.939221380493282632e-01 6.151842702358180093e-01 5.448073053706853353e-01
2.706009972636609362e-01 4.786410501633446279e-01 1.323640846865396792e-01 2.085063964268458470e-01 0.000000000000000000e+00 1.224506400386140247e-02 5.742145178764890279e-01
4.776711114905312083e-01 6.230521402353906835e-01 8.071407023132268765e-01 5.207896492222958695e-01 7.290487321131254861e-01 8.481916221900293040e-01 3.134189753908063203e-01
3.905683926767734016e-01 4.949894562839958767e-01 6.519806672047965268e-01 5.454247820763361565e-01 7.571171550497800551e-01 8.725500421320436795e-01 3.805912397461688745e-01
2.671390993598517505e-01 4.798889437527141810e-01 5.177822799977180868e-01 1.865847894211238589e-01 3.701628313010286719e-01 6.616355527391305502e-01 6.105865965020891295e-01
4.503137534799364072e-01 5.762913233928315115e-01 4.399609876923409879e-01 5.391695530686703153e-01 3.916989035434637056e-01 3.961657983598584343e-01 3.990094412629618947e-01
8.126898496880936851e-02 1.432871896133315059e-01 1.904443288405186230e-01 1.440844787858799880e-01 4.264239190200084795e-01 8.038336160633783312e-01 8.780374555022443239e-01
4.727255489198090022e-01 5.564361492819784871e-01 5.716281877156319524e-01 6.564549435482519568e-01 6.394557742848746562e-01 6.345072350227635161e-01 3.405045658566784872e-01
6.911564983231867354e-02 1.398841139209424933e-01 1.465248566636564720e-01 9.152437958806318441e-02 3.093552504048741603e-01 6.770475449040317395e-01 8.159727596347308154e-01
3.533017274602939795e-01 5.794879508381166611e-01 4.861803446764604297e-01 2.604784625965732570e-01 2.914572278099990532e-01 4.456539298310546182e-01 3.717690759944277668e-01
3.652937634698110725e-01 4.003982668786533194e-01 5.045737516418381530e-01 6.836770003483521041e-01 8.188041987398254618e-01 8.095283646816084921e-01 4.485373781148430661e-01
1.783147483631012109e-01 3.522941518294440688e-01 3.484904920497252090e-01 1.141909747978279016e-01 2.888206192865944710e-01 6.046614499619781258e-01 6.830212041479645224e-01
1.615585599969135699e-01 3.198813088598392862e-01 3.242463732340330473e-01 1.180297627542217093e-01 3.025736421678913435e-01 6.340253339540485866e-01 6.505184955889176113e-01
5.859307759965556167e-02 9.468260956082896751e-02 7.809097178238610937e-02 1.868625599448745234e-01 3.229352401083940283e-01 5.950954653303264230e-01 9.103853892586284413e-01
2.045908276204849441e-01 3.953685612218033052e-01 3.385394800403867532e-01 1.460902540217860479e-01 2.493074368340391367e-01 5.115879657237809575e-01 5.728215446525303234e-01
1.927859478498990808e-01 3.509676912942597538e-01 4.081363517584533640e-01 1.853530669840953993e-01 4.080936230212595106e-01 7.518744557398227002e-01 6.407676830212036823e-01
8.916187249817052463e-01 1.000000000000000000e+00 7.477490200015115551e-01 7.279406873167567626e-01 4.478275272454222411e-01 3.327463198733562888e-01 2.894288809781773997e-02
4.738504153760342841e-01 5.033167324053056113e-01 6.993246811876728808e-01 7.510486879919606729e-01 9.683371339433693992e-01 9.120390066635425397e-01 3.638755610586594247e-01
4.134207440527617461e-01 6.605668076203229377e-01 3.415382817957703376e-01 2.985788826808812302e-01 1.291016132499923641e-01 1.674419258331825422e-01 3.353969973688285533e-01
1.367801821243628813e-01 2.693130399381532536e-01 2.413790121025400082e-01 1.324732958807346150e-01 2.701526725664969431e-01 5.717902559898155879e-01 6.752824640148581414e-01
6.784354559286048802e-01 7.099714908438230498e-01 8.857222582125695576e-01 8.185051829777386656e-01 9.181852936540758625e-01 7.999215896366902445e-01 1.360470515400095670e-01
3.837804493145198781e-01 4.656253674213336469e-01 4.370708895466876021e-01 5.956078915238773863e-01 5.462209942833855525e-01 5.642217347073491540e-01 4.548831450239897989e-01
6.488706803744931362e-02 1.301952675152707184e-01 1.717533575591142780e-01 1.046901160308719714e-01 3.921275978845145671e-01 8.331296595570546470e-01 7.791363566011447750e-01
6.191543328926680800e-01 6.420544070953170257e-01 8.769479864097802224e-01 8.028965000641271610e-01 1.000000000000000000e+00 8.866165680543915961e-01 1.625135427952328904e-01
4.287057448346314747e-01 7.230324237902784335e-01 6.091847177281548564e-01 2.590085641233304536e-01 2.862033763950049825e-01 4.525726944364293347e-01 4.520971985760713907e-01
2.550985504831381201e-01 4.585020528777259408e-01 5.044890573511263687e-01 1.773262295536154887e-01 3.742469869466161225e-01 6.707621548381843546e-01 4.438941340349791265e-01
5.791779654721363607e-02 1.422320443632631992e-01 1.605631716612902771e-01 1.181098949422160725e-02 2.775085946357122024e-01 7.261006272858255839e-01 8.989320538616308864e-01
2.044216482308195137e-01 3.738175902101241732e-01 1.397316845169809252e-01 1.646035372666494190e-01 5.323024058905258260e-02 1.238444980996749739e-01 6.508280451942424216e-01
7.949501470777156076e-01 8.489512647528434375e-01 8.275764137932404285e-01 7.990386864803199485e-01 6.784481353846870677e-01 5.509344783447205351e-01 1.122117319300417609e-01
7.022961525848698816e-01 7.216006074444819562e-01 8.946230043021580203e-01 8.259472829433535113e-01 9.174501154576646389e-01 7.761919699630763780e-01 1.207243460764589049e-01
7.259248740081437890e-02 1.265852554792077089e-01 1.468674148216237429e-01 1.442286199028972316e-01 3.765283009362693223e-01 7.142312052292484337e-01 9.219934994582879018e-01
4.351549189872057632e-01 5.772543246435209996e-01 6.446649615323919447e-01 4.773876293056845688e-01 5.825659709787531781e-01 6.790541013320680053e-01 2.511995047206316833e-01
3.179928150063185965e-01 5.588843287830446149e-01 1.945511512161262890e-01 2.014937765334033903e-01 1.942906828540389222e-02 4.030919673294406508e-02 5.482123510292525870e-01
1.362305338016070178e-01 2.732409887827106920e-01 2.992273394682815058e-01 9.399138139760021549e-02 3.196129218406776329e-01 6.794024275537186019e-01 7.071660733632563201e-01
8.673058161674260247e-02 1.413445320616524836e-01 1.097888971172794603e-01 2.124288121410549957e-01 3.036918187789324763e-01 5.372815400942103636e-01 9.288035907754214060e-01
8.625395706159780795e-01 8.427097846527895619e-01 8.969971856635440277e-01 9.454801339016885020e-01 8.475408230323874248e-01 6.359819193161744266e-01 1.232007429190524334e-01
9.046645409110815050e-01 8.873774906663152162e-01 8.999661648199104302e-01 9.456379868345206052e-01 8.011099892630049180e-01 5.902589573993137773e-01 8.172109580560241171e-02
6.706930978338718763e-01 8.382497640617548873e-01 3.913264255497720390e-01 5.863196988609783444e-01 1.837415209341609346e-01 1.005834507634651848e-01 1.947067017489549912e-01
7.468363823519875710e-01 7.816665184114840459e-01 7.283780840100252396e-01 8.236149105735283138e-01 6.588587444310992636e-01 5.168256959070444134e-01 4.782541402259672669e-02
7.519371286374901264e-02 1.378079005303019799e-01 1.329044834142158460e-01 1.376104971098023877e-01 3.159551583281627885e-01 6.303162831458999360e-01 9.289583655780834226e-01
6.834042899000888904e-02 1.264209097117305058e-01 1.817221402455216905e-01 1.329150172656830553e-01 4.444605384044177931e-01 8.779285063199585570e-01 9.360780065005418482e-01
8.680867830346155056e-01 8.784634759827101291e-01 7.288890382381961741e-01 8.919655782285003109e-01 6.045777683823616577e-01 4.229898321746921597e-01 1.567868750967341407e-01
1.095752989882481654e-01 2.080559276323454554e-01 2.500398540516978185e-01 1.349684099809745907e-01 3.854678712463683321e-01 7.668859802466567732e-01 8.373316824021042049e-01
5.982552195453498811e-01 8.068657489720668652e-01 7.477003396893280307e-01 4.852729143408797685e-01 4.596729483346417289e-01 5.108287666178791264e-01 1.827890419439715253e-01
4.197824554980634781e-01 5.595578588843752588e-01 6.620702999477606765e-01 4.831817521982373353e-01 6.282109199373512309e-01 7.476354696374389874e-01 2.734870763039778940e-01
3.987252854235251998e-01 5.381894426305735557e-01 5.354704368481415511e-01 4.858658543489695614e-01 5.125753467691094301e-01 6.067841832435149074e-01 4.598359387091777162e-01
4.945791590856762343e-01 6.346884321876644641e-01 7.461069338204390222e-01 5.365968182268920916e-01 6.612393435580903311e-01 7.401847088345652192e-01 2.371149976783777924e-01
4.098902221946779112e-02 7.425309520463051205e-02 1.109523093160269397e-01 1.278445250546786094e-01 4.305690928501564874e-01 8.665674180219825606e-01 1.000000000000000000e+00
3.056157953298772045e-01 4.595640181982322270e-01 5.938715929630197232e-01 3.494671790199262440e-01 5.921573563409163743e-01 8.426525213934163983e-01 5.034824330598973718e-01
2.269310440075732876e-02 3.938245025872607469e-02 7.036115261934816623e-02 1.252122518858520550e-01 4.400821644484956829e-01 8.994817741976419700e-01 8.967652066243613218e-01
7.536061846928361341e-01 8.701728867933719025e-01 7.716463270397251328e-01 6.949270304345719351e-01 5.467721506118387031e-01 4.755222943348296760e-01 1.518340814115461956e-01
6.357160593597206422e-01 6.771978183345076507e-01 7.694731055690230415e-01 7.708731849316213802e-01 7.943326952476953418e-01 6.911819551116705762e-01 7.924469896300886940e-02
6.451075265948605919e-01 6.465006613708521588e-01 8.231171081474725204e-01 8.612830141284887331e-01 9.696134277460440876e-01 8.125657785004575251e-01 1.858845379972138834e-01
4.578168306814746069e-01 6.667524654106381510e-01 3.830720405761272596e-01 3.837906290955186983e-01 1.948080218753867054e-01 2.108202410172071994e-01 3.019656399938088209e-01
4.834739809732699900e-01 6.115794967697800733e-01 4.954441608225477744e-01 5.620928794720025934e-01 4.318445741088389744e-01 4.349186569946977832e-01 3.244079863798169927e-01
6.061857599548855502e-01 6.405158802218986480e-01 7.918505470934520396e-01 7.881379360942104562e-01 8.854625219984193496e-01 7.863999157446698307e-01 1.978021978021973493e-01
5.019889865120275019e-01 6.295235802275199744e-01 6.080024950786804272e-01 5.843247694372830647e-01 5.497574178930583200e-01 5.751418072214857791e-01 2.075530103699112505e-01
5.796925220000928025e-01 7.435605004497293224e-01 6.670080432636584788e-01 5.533926834723571497e-01 4.800520159709777968e-01 4.968005483917631859e-01 3.401950162513545095e-01
2.043596732481909595e-01 3.984464384240775647e-01 3.931731580917714464e-01 1.264860802568738840e-01 2.932258265405462416e-01 5.999253774951547324e-01 6.768302120414797507e-01
1.000000000000000000e+00 9.881467441418696485e-01 8.534525046280561078e-01 9.454450554721703925e-01 6.595780586733761552e-01 4.504769776700665584e-01 9.054325955734351949e-02
6.986598628259689248e-01 8.151531041065820382e-01 6.344240417221468364e-01 6.904391710735729992e-01 4.621386130791065305e-01 3.899369882621751549e-01 3.417427642779752306e-01
3.385070267727821047e-01 4.912083846623322980e-01 7.257423523111402597e-01 3.649614899800445178e-01 7.078111537101271500e-01 9.672082996789678200e-01 3.781148429035753322e-01
9.469399749719574488e-02 1.775142543290596231e-01 2.259272666037792643e-01 1.311335426084164202e-01 4.043021379831640005e-01 7.978853121228361989e-01 8.788113295155542959e-01
7.059073650494754881e-01 7.536170130674740841e-01 7.025576683283668578e-01 7.851216002600450716e-01 6.379844505777759744e-01 5.154003638247397490e-01 1.526079554248570003e-01
7.230199300872945933e-01 7.224331208917915692e-01 6.766733538291628269e-01 8.920772182737207734e-01 7.047705753985784582e-01 5.273613530393909121e-01 2.368054480730538425e-01
7.270421064598865390e-01 8.308516245862674898e-01 4.458819315270290962e-01 7.306003091147391659e-01 2.886806102182165601e-01 1.743606933576837548e-01 1.707166073363251824e-01
4.098933414653267437e-01 6.535342458348510908e-01 5.983704100078025556e-01 2.823378107309856277e-01 3.413802789266193183e-01 4.968325274218794996e-01 2.431512149822005198e-01
2.150193702602990753e-01 3.922297217540756109e-01 4.336872770128587518e-01 1.932304813051903547e-01 3.880475243051738077e-01 7.141033708443222938e-01 5.906206469586745555e-01
2.355545139745378047e-01 4.241305580627227623e-01 3.999636362794233291e-01 1.787903710188261663e-01 3.044610851304468957e-01 5.531937201953905925e-01 5.766909147190835139e-01
7.654081093649124368e-01 8.777124846237128741e-01 5.958802466210783022e-01 7.304321785702525549e-01 3.991387111067354332e-01 3.003869421776342308e-01 1.366661507506575224e-01
5.830564501797069754e-01 7.567089022937251164e-01 6.686064589510829492e-01 5.444478884974138788e-01 4.652482189374250732e-01 4.872120894056735096e-01 2.210184182015163257e-01
1.878025846440768420e-01 3.626122344028325784e-01 2.859358182694943240e-01 1.341021677783055255e-01 2.173530996396192960e-01 4.534987026438803692e-01 5.435691069493886474e-01
4.866727109375994509e-01 5.165261230778334101e-01 5.068143693505728908e-01 7.310070520734671673e-01 6.538319990619371191e-01 5.592131763832699498e-01 4.223804364649437204e-01
6.930198521055284111e-01 8.133653391867733395e-01 4.207903026549532632e-01 6.817430820275458547e-01 2.570312478688857039e-01 1.545403794849188328e-01 2.453180622194700844e-01
1.087339167737547824e-01 2.042339156657449473e-01 3.162628020359334879e-01 1.198069145416590653e-01 4.913195635114273041e-01 9.540571636416568246e-01 7.870298715369130615e-01
5.081999879333478631e-01 8.310085160898046386e-01 5.171106807393414106e-01 2.671492871276276992e-01 1.637061207139730579e-01 2.303040584282072811e-01 1.614301191765981081e-01
6.594425452920152919e-01 8.323628944206278302e-01 6.083255811117741496e-01 5.774547201545215946e-01 3.710382507212440784e-01 3.402871780541431024e-01 1.792292214827423125e-01
2.163063156611601812e-01 3.357585025675373647e-01 3.404564445667596084e-01 3.035108225955360228e-01 4.187065116056721825e-01 6.295406478985947629e-01 6.022287571583340160e-01
5.250382623692421147e-01 5.807004225621343885e-01 6.988641559819288585e-01 7.088516441758112574e-01 8.021070194340594872e-01 7.556325945781348086e-01 3.442191611205696611e-01
8.702929282440519110e-01 9.314607624646167316e-01 5.587661875625959951e-01 8.089466563999647697e-01 3.636741451732497521e-01 2.111233382938438319e-01 1.216529948924316984e-01
4.543540298308986758e-01 5.783854701819315380e-01 6.920790657123245815e-01 5.435570091186416875e-01 6.796471214303855257e-01 7.626987152264829151e-01 2.945364494660264731e-01
3.779785648646175056e-01 6.355203114414715859e-01 3.781037184621879321e-01 2.567906387094718856e-01 1.571124422946249821e-01 2.433896702939517820e-01 4.059743073827583038e-01
6.296894642939963038e-01 8.559052927963485269e-01 4.302046969317365743e-01 4.775428162415082944e-01 1.697646034904296553e-01 1.279435252254763900e-01 2.101841820151676421e-01
8.018413547156598431e-02 1.543402891743068939e-01 2.301487476564327839e-01 1.309715554483397715e-01 4.674546047632217594e-01 9.418277870232675264e-01 7.497291440953410824e-01
2.417277968468278526e-01 4.373699882567949060e-01 4.925264614125107743e-01 1.965232876202350210e-01 3.992094798192027949e-01 7.222437183449564868e-01 4.780993654233087753e-01
9.033725472169336079e-01 9.953157305787952991e-01 5.201530584634951326e-01 7.863985287333000729e-01 2.854299699383872624e-01 1.420755899150230317e-01 1.054016406129082289e-01
4.650908877485310233e-01 7.341799882996280502e-01 6.565888495334558650e-01 2.996979059468529716e-01 3.367627074964089084e-01 4.769753099526992113e-01 2.313883299798790427e-01
7.469069353289005120e-01 8.629800168283744410e-01 6.597897454780596860e-01 7.195963666892741806e-01 4.633495164366912000e-01 3.805545145139813679e-01 1.250580405509980342e-01
8.108137725649475769e-01 8.828467126745827009e-01 7.344097164768819130e-01 7.818450785729320618e-01 5.486928691855051943e-01 4.259707608969867110e-01 1.631326420058817339e-01
8.145134738126970086e-01 8.875095191282553753e-01 5.720992997077148923e-01 7.833069040526769999e-01 3.935127919284356901e-01 2.574082466454465368e-01 6.113604705153981994e-02
1.355783189347526674e-01 2.833128316172090488e-01 2.885915892425206519e-01 7.054423090179622047e-02 2.763029341215060830e-01 6.268131650313710779e-01 7.610277046896766207e-01
7.927924326494060203e-01 9.056325514059488935e-01 5.058664738737252975e-01 7.313479133141413957e-01 3.008455545592433333e-01 1.845675065182196262e-01 1.301656090388479681e-01
1.291347676779533715e-01 2.602793552649399489e-01 2.162324170138919532e-01 9.255773411982297361e-02 2.243371861009552382e-01 5.013042262838157681e-01 8.220089769385544587e-01
6.501993665418002166e-01 6.615357523598555112e-01 8.103610231202652558e-01 8.582534869502174146e-01 9.276462657054838079e-01 7.842375918108320798e-01 2.001238198421297632e-01
1.596889266302396193e-01 3.326650228769534312e-01 3.997008571185102221e-01 7.938611793766189861e-02 3.493478531591390213e-01 7.664757743827960157e-01 7.085590465872150245e-01
9.247446404979012824e-01 9.001963974422277914e-01 7.742867849825112447e-01 9.173008955363505246e-01 6.443075905402777526e-01 4.280723874348211222e-01 9.054325955734351949e-02
1.903898554751614347e-01 3.576625732630460686e-01 2.993863303131216735e-01 1.729768543048999796e-01 2.594374614779180743e-01 5.110635315233165166e-01 5.044110818758701376e-01
6.742024414859714154e-01 7.092601847242971935e-01 9.491715154384411379e-01 8.026255684022671755e-01 9.803337656002883982e-01 8.727067963025808561e-01 1.498220089769386199e-01
4.602112813348179787e-01 7.148647818103739393e-01 6.781666105897827812e-01 3.190591467004968429e-01 3.793401094214301494e-01 5.289325071637261955e-01 2.679151834081411332e-01
7.892721715500354840e-01 8.492380729535695671e-01 1.000000000000000000e+00 7.855089039413551966e-01 8.381789620017477960e-01 7.304320869350418022e-01 1.187122736418513291e-01
3.583963172905687555e-01 5.776040375348253653e-01 7.023723523049962836e-01 3.063505616969323109e-01 5.218973737978436223e-01 7.956639444781218318e-01 3.895681783005728316e-01
3.977972203194216072e-01 5.370065754576877071e-01 5.614103319756252874e-01 4.861999062741819144e-01 5.442910668778069283e-01 6.502574167427631613e-01 4.429654852190063052e-01
1.840499378813668097e-01 3.203140712164770920e-01 3.973060693337144844e-01 2.203844585874866480e-01 4.659557319455288615e-01 8.145379928655266388e-01 6.759015632255069850e-01
5.026602863900887508e-01 6.552496230450112202e-01 6.701488213858378673e-01 5.195885437040207444e-01 5.480384617311804263e-01 6.072089657652384176e-01 3.183717690759942376e-01
4.590347827407473269e-01 6.819126452572901176e-01 6.548036054246124671e-01 3.626407316295816585e-01 4.126489961434920972e-01 5.405146039838053529e-01 3.555177217149042557e-01
2.534639705770691531e-01 3.635751659254405910e-01 3.856899070730650525e-01 3.759403861250060763e-01 4.871109145184566169e-01 6.576014995295624832e-01 6.135273177526695543e-01
3.534644630934875020e-01 5.277396735948819417e-01 6.901839836952147200e-01 3.478268340167308126e-01 6.019982894401260110e-01 8.393665074693821282e-01 3.722334004024145937e-01
5.303172995981476623e-01 7.004905370526558483e-01 6.672008740148320793e-01 5.098568250512079958e-01 4.942171921191976791e-01 5.450617754002052839e-01 3.400402414486916047e-01
5.387561169513069848e-01 6.583525226673541120e-01 4.570997186892367115e-01 5.950351226355212741e-01 3.647080493645237786e-01 3.199881464200425851e-01 3.179074446680082988e-01
7.256957307445578431e-01 7.903197401094949059e-01 6.056931577836204283e-01 7.701419312714153920e-01 4.934888625078641122e-01 3.721826087683003936e-01 1.526079554248570003e-01
9.047460934213352735e-02 1.947173341453666273e-01 2.388615782885050720e-01 6.326662272430852441e-02 3.421504545535536401e-01 7.803014431828323438e-01 8.416653768766442223e-01
2.009181326896691544e-01 3.451581666973304041e-01 2.992170362565766406e-01 2.006083246063410097e-01 2.891165594163411234e-01 4.976866871703384820e-01 5.282464014858379020e-01
5.333540737469459891e-01 6.317016132189299249e-01 4.890565476650440280e-01 6.638965980446311921e-01 4.572759435575216025e-01 4.111853577622104350e-01 4.325955734406435882e-01
2.561489238311047134e-01 5.161202558383073402e-01 4.026465358924432025e-01 7.917394730448956697e-02 1.720911490956510692e-01 3.938795939978534388e-01 4.855285559510911231e-01
4.787012916653499150e-01 5.439411360849427668e-01 5.597648428989437930e-01 6.780669494350823889e-01 6.547091983404212945e-01 6.200688824513848063e-01 3.148119486147650803e-01
3.217839601357210672e-02 6.776198193239156564e-02 5.978325161893934675e-02 6.095100999807973735e-02 2.696487018284502990e-01 6.252850724006701055e-01 9.917969354589067921e-01
1.335079851276459173e-01 2.605544989537633138e-01 2.674005767246382392e-01 1.283017992252426520e-01 3.171347013569039142e-01 6.543212362846085872e-01 7.847082494969815913e-01
5.234380765263803026e-01 6.318723374456629571e-01 6.572918310513373719e-01 6.078372266321782069e-01 6.159969327625069990e-01 6.204138531371961029e-01 3.114069029561987167e-01
1.678369130384282093e-01 3.332506557511007439e-01 2.807831253809647820e-01 1.027122053502264876e-01 2.252680326292129942e-01 4.893763720733502742e-01 7.794459062064695853e-01
2.660859350855152572e-01 4.798997350034072129e-01 3.880884758529818956e-01 1.944435258535459343e-01 2.474738732766836868e-01 4.514630323083251850e-01 4.819687354898619103e-01
4.648981496568597299e-02 9.476039289582414982e-02 8.264990664959354083e-02 8.795798470535921842e-02 2.733434360926120243e-01 6.163034414182907428e-01 9.552700820306447849e-01
1.532494386338907888e-01 2.951251006450145709e-01 3.853240485326642761e-01 1.216894675322133107e-01 4.186316221343869270e-01 8.291425736322932671e-01 7.356446370530871359e-01
9.017882450285598095e-01 9.310576245814197183e-01 9.032983085576539173e-01 8.413697074419428379e-01 6.978740115329784555e-01 5.329758694675016395e-01 8.450704225352079213e-02
7.584120778159524345e-01 7.794405291019943505e-01 9.554381367520712320e-01 8.639042937529600730e-01 9.342266919192441232e-01 7.866733707519026897e-01 1.170097508125677310e-01
0.000000000000000000e+00 0.000000000000000000e+00 0.000000000000000000e+00 6.262824712696767049e-02 3.166664825545160156e-01 7.246247111210586400e-01 9.730691843367897942e-01
2.752672619822061906e-01 4.885370122134710669e-01 2.639465904191189427e-01 2.055786430593428138e-01 1.238773423055729989e-01 2.263197646478831704e-01 5.243770314192847115e-01
5.794997428653866911e-02 1.092422679277620934e-01 1.484221127529609663e-01 1.302719869239323258e-01 4.165610278867225569e-01 8.449722723564349058e-01 7.665995975855125488e-01
6.510663596100420003e-01 7.790487203718327036e-01 6.851804038017716980e-01 6.377090458142152807e-01 5.129103470493402428e-01 4.735555577105196035e-01 1.866584120105246880e-01
5.981331986027309533e-01 7.660833016153572039e-01 7.806139494805172108e-01 5.341577105190445929e-01 5.523986888712755228e-01 5.859194716119595636e-01 2.033740906980341101e-01
2.984166828444629327e-01 5.754982295542074855e-01 3.357230167747156102e-01 1.340816489198314587e-01 1.056126882536261302e-01 2.400546997004434358e-01 5.359851416189442830e-01
6.464426975616744953e-01 7.131112600193028062e-01 6.923282805532408046e-01 7.448873643537653466e-01 6.465824235242784157e-01 5.595327535882061998e-01 2.566166228138055949e-01
1.858820989572196325e-01 3.385997957100029265e-01 2.241360201651812489e-01 1.647404235989691212e-01 1.833983952140075535e-01 3.549852409259262043e-01 7.040705773100138787e-01
6.397720141499968483e-01 7.300023763994217818e-01 5.772187671016181243e-01 7.062056523727632262e-01 4.843347805838124076e-01 4.038968303301955221e-01 1.419284940411703055e-01
5.238916020615096425e-01 8.187705006785039874e-01 4.877821632594938062e-01 3.195255370807795758e-01 1.706754266131643993e-01 2.128989013277991504e-01 1.665376876644480419e-01
6.090632871284529237e-01 7.387635438082110761e-01 5.924791469848146308e-01 6.226786342431429588e-01 4.497380696729000871e-01 4.119462689357675234e-01 3.230150131558582327e-01
1.456249150922216962e-01 2.506726717818523187e-01 3.083603331831805683e-01 2.101567758518582685e-01 4.513084270156252353e-01 7.933438169477932123e-01 7.104163442191606670e-01
8.266884386285553443e-01 9.096182118592125443e-01 3.850851841658918806e-01 7.710898261667676890e-01 2.036930163140067418e-01 5.493399828853955807e-02 5.556415415570305216e-02
7.084808043778143549e-01 7.747041528816740463e-01 4.971129030192236731e-01 7.754735502754873666e-01 3.958033147500008009e-01 2.689587512196621177e-01 1.437857916731158925e-01
3.929665782462886670e-01 5.287709718411113258e-01 5.124570319443516597e-01 4.894466406153530902e-01 4.990484432730826758e-01 5.867388485093588679e-01 4.626218851570961244e-01
7.458427304781883871e-01 8.360419206553536542e-01 4.860499003447842914e-01 7.291237604221901814e-01 3.233421505319385991e-01 2.013240366434672357e-01 1.126760563380277275e-01
2.778794459354467783e-01 3.997517547486732492e-01 2.776031666968437617e-01 4.031083161401526338e-01 3.037871572740225012e-01 3.840677590781199080e-01 5.172573904968272851e-01
1.890632625026319180e-01 3.228186042888547824e-01 4.079260339048449424e-01 2.131495631821859194e-01 4.709162162867517321e-01 8.041927780823626692e-01 6.355053397306917873e-01
2.034714609309299371e-01 3.639562498126057699e-01 4.590001413619551052e-01 1.786514164364830237e-01 4.462272992378395475e-01 8.006901678958340263e-01 6.246711035443430760e-01
1.998019263137978396e-01 3.505747038274839023e-01 3.962489976227466237e-01 2.192565850296562535e-01 4.169815387489946290e-01 7.333536318682294386e-01 7.184646339575917473e-01
4.540454682948713572e-01 5.642132642002648524e-01 6.307432902342425818e-01 5.836472107296084566e-01 6.547483165297625085e-01 7.072530334817557218e-01 3.194551926946290199e-01
8.091970874220746901e-02 1.553803167122505824e-01 2.444820275359476658e-01 1.281290230730108837e-01 4.903047927965420438e-01 9.826448300206980235e-01 7.271320229066708940e-01
1.047518394462145785e-01 2.155679297443758580e-01 2.759324394777292744e-01 7.348175731886084916e-02 3.679337522823055706e-01 7.963956935785743152e-01 5.875251509054321142e-01
1.788597998659534616e-01 2.770150245089225138e-01 3.878429002198696129e-01 2.809017179180158252e-01 5.782390968349110372e-01 8.953569872405977570e-01 6.684723726977246372e-01
6.040722078320782951e-02 1.340849954100660213e-01 1.501666166393749446e-01 3.484809464966671932e-02 2.910450551967904698e-01 6.949331405908099057e-01 8.586906051694784825e-01
1.666343110741906330e-01 3.319829162216105245e-01 3.188038198070359264e-01 1.249527342367584559e-01 2.849762608501466010e-01 6.050219270474221922e-01 5.211267605633803646e-01
6.731048686479235155e-01 7.300094255764129070e-01 8.145506492890240979e-01 7.650746709851728999e-01 7.739485588845506081e-01 6.815276085227727210e-01 1.377495743692923047e-01
2.263881267425333632e-01 4.056282315852868248e-01 4.778683467896586712e-01 1.786378728080328937e-01 4.105326479305500542e-01 7.355177028992397892e-01 5.064231543104776856e-01
9.057096197075519273e-01 9.805404862657094434e-01 7.410642206274927757e-01 7.989716206323074221e-01 4.892934657204809912e-01 3.515942245643917108e-01 1.126760563380277275e-01
2.726833977230145312e-01 3.915891863167870746e-01 2.827011296809959773e-01 4.031083161401526338e-01 3.200133706048551852e-01 4.078387456924714161e-01 5.214363101687043978e-01
7.240232681173192075e-01 7.941951903495271248e-01 8.383418521516532440e-01 7.539752095006586607e-01 7.177868723806217766e-01 6.249476564140777901e-01 1.526079554248570003e-01
1.710392958328596502e-01 2.895931735012969854e-01 2.440268902482511382e-01 2.032952950334793174e-01 2.869375098919975109e-01 4.913042916138652405e-01 6.464943507197024042e-01
1.063844492866105051e-01 2.298134797065217727e-01 1.996137146334577839e-01 6.556077565194264045e-02 2.265415792593425681e-01 5.515854931653062510e-01 8.025073518031257125e-01
9.519964768658881193e-02 1.848850238724047690e-01 2.302757890925001272e-01 1.278700531692533726e-01 3.937851876286926900e-01 8.038837257877947673e-01 9.040396223494808758e-01
4.721891574973107741e-01 5.935641578536181573e-01 7.621222839044314856e-01 5.664506299969120917e-01 7.550199596595124074e-01 8.425918852990686991e-01 2.477944590620645149e-01
7.182824967463135035e-01 7.649128858855785973e-01 8.976770558487481289e-01 7.998727412578993112e-01 8.445980595404765090e-01 7.343547798497302992e-01 1.798483206933911560e-01
8.455126213488628473e-01 9.023560819870749539e-01 5.153496822617118500e-01 8.091479289464750257e-01 3.413215436037512207e-01 1.867848209558762296e-01 1.913016560903886554e-01
8.955599234465314584e-01 9.173162219293421460e-01 8.605728746400196361e-01 8.624423478146971966e-01 6.825977395142212023e-01 5.107321829410232938e-01 9.410308001857270455e-02
2.002820477355121698e-01 4.050963457803603007e-01 5.006444469871635938e-01 7.996261876726898365e-02 3.647839254963710642e-01 7.671968044509719364e-01 6.025383067636588263e-01
6.696826183157826851e-01 7.758813787207360368e-01 5.877368338542363624e-01 6.510854892055643051e-01 4.290294767551380284e-01 3.485544871208989814e-01 9.518650363720748686e-02
9.614807013597971574e-02 2.132313350958600362e-01 2.204998371572663707e-01 3.855481688725689166e-02 2.651555270141954246e-01 6.466310209996758429e-01 7.271320229066708940e-01
1.790983009414862104e-01 3.559084139580875883e-01 2.950306239336707437e-01 1.023728873422622143e-01 2.173837441558982564e-01 4.741128554364109071e-01 6.941649899396371559e-01
7.885534259236838261e-01 8.827455405488547902e-01 7.768922687204276034e-01 7.408437037321389251e-01 5.662775980325137626e-01 4.693485345830572530e-01 4.271784553474679280e-02
2.659485230048262983e-01 4.412509935006454498e-01 5.225638209526775046e-01 2.390552106616059547e-01 4.561153598885994143e-01 7.342075610056997270e-01 4.160346695557961549e-01
3.945524400699865902e-02 4.691018435407440929e-02 9.224895527560120212e-02 2.266657998198986224e-01 5.595366750339995088e-01 9.238988320919584440e-01 8.178300572666764578e-01
1.478253553198135006e-01 2.933646658127300744e-01 3.423032243711980338e-01 1.176183696421444075e-01 3.623278178169577757e-01 7.505981319260545126e-01 6.461848011143784820e-01
7.855193606151858465e-02 1.525303175207642359e-01 1.961495669035507039e-01 1.209545523876252165e-01 3.981198389793177417e-01 8.178782631330813180e-01 8.633338492493416449e-01
7.612371930340120496e-01 8.405815441522691556e-01 7.191031611907694465e-01 7.454504147398134384e-01 5.504270702203807319e-01 4.426550119920925619e-01 1.608110199659492923e-01
8.960334779826690799e-01 8.758423841213086591e-01 8.129486889186736676e-01 9.446634433330969305e-01 7.221557279640632432e-01 5.099757365713513124e-01 1.563225506887473137e-01
8.299507442538726076e-01 9.377419078818330922e-01 4.679544357949455002e-01 7.515809214526597559e-01 2.574392610307054130e-01 1.277638894823635851e-01 7.568487850177968435e-02
6.791555149320717411e-02 1.353430228139325397e-01 1.710960315573195889e-01 8.611012149514291059e-02 3.645661056675930656e-01 7.746682676985368055e-01 8.760253830676358877e-01
7.621662431709521623e-01 7.557623734721705677e-01 7.543391527101865890e-01 8.836730320356701585e-01 7.516722203726098339e-01 5.640417530477535024e-01 1.950162513542789411e-01
1.952397877746754329e-01 3.955252402207112827e-01 5.206732288672738518e-01 8.126865047299632050e-02 3.978284065340996212e-01 8.322989053643672364e-01 6.155393901872771023e-01
5.543245198888391290e-01 7.250230542619611196e-01 4.801039546798580582e-01 5.327224677341063641e-01 3.090938433947978958e-01 2.932275072740398447e-01 2.888097817675276957e-01
9.701317932892177254e-01 9.513612100226082058e-01 7.719426625323374536e-01 9.728706735306202891e-01 6.265143474278310753e-01 4.135644633230709521e-01 1.167002012072437533e-01
6.085707707102129271e-01 6.575242526718555469e-01 6.608277231636664473e-01 7.669894727664771095e-01 6.885492566779848334e-01 5.925041786857077053e-01 1.852654387865650398e-01
1.775010701971338201e-01 3.381655557821164337e-01 3.284711153949784745e-01 1.348393102690728373e-01 2.950602219881793831e-01 5.882235220534367537e-01 7.156786875096734502e-01
5.294617985796649107e-01 6.569404393685943644e-01 7.237742025633161491e-01 5.754021615576460080e-01 6.374794351403105797e-01 6.716968036598888192e-01 2.637362637362640205e-01
7.774304351341513319e-01 8.448880567119073648e-01 6.890306383959770020e-01 7.843734574065160947e-01 5.380927684958277668e-01 4.153433745950493861e-01 1.656090388484743672e-02
8.509434357206562272e-01 9.127627325053820906e-01 9.507411955629454514e-01 8.037561056843034457e-01 7.363161642723283773e-01 6.123930248898323825e-01 1.262962389722947776e-01
1.836831362788825528e-01 4.083717360741648816e-01 5.382926188689333147e-01 2.113665839298480703e-02 3.532621677640621627e-01 8.354572235619813769e-01 5.971211886704840266e-01
2.730387893618095863e-01 4.061541805421397533e-01 6.065185490185458494e-01 3.477325763629159350e-01 6.936427080396526668e-01 9.932836578387048698e-01 4.637053087757309067e-01
1.722994811749964383e-01 3.407307921299309039e-01 3.301549343096996658e-01 1.259909548380789557e-01 2.885389180229976369e-01 6.054573264319969006e-01 5.352112676056334228e-01
