3.057720000000000000e+05 1.976999999999999957e+01 1.060539999999999955e-01 1.483589999999999964e+00 9.217450000000000365e-01 1.757790999999999767e+05
2.739110000000000000e+05 1.966000000000000014e+01 -1.128280000000000081e-02 1.459610000000000074e+00 9.472760000000000069e-01 1.581327000000000116e+05
3.046300000000000000e+05 1.933999999999999986e+01 1.576710000000000056e-01 1.406700000000000061e+00 9.098159999999999581e-01 1.768090000000000000e+05
2.954080000000000000e+05 1.930999999999999872e+01 1.125130000000000019e-01 1.487330000000000041e+00 9.023989999999999512e-01 1.697196000000000058e+05
2.000170000000000000e+05 2.080999999999999872e+01 1.013849999999999918e+00 2.481809999999999850e+00 1.137880000000000003e+00 1.149108999999999942e+05
2.980550000000000000e+05 1.892000000000000171e+01 -3.660649999999999737e-01 1.890379999999999949e+00 9.616409999999999680e-01 1.731681999999999825e+05
3.042460000000000000e+05 1.962999999999999901e+01 -9.690210000000000212e-01 1.946700000000000097e+00 9.839440000000000408e-01 1.761757999999999884e+05
3.038740000000000000e+05 1.957000000000000028e+01 -9.148659999999999570e-01 1.892819999999999947e+00 9.582420000000000382e-01 1.749701000000000058e+05
3.000390000000000000e+05 1.894999999999999929e+01 -5.078399999999999581e-01 1.762129999999999974e+00 9.250300000000000189e-01 1.746641000000000058e+05
3.086190000000000000e+05 1.942000000000000171e+01 -4.647479999999999944e-01 1.611490000000000089e+00 9.030409999999999826e-01 1.779951000000000058e+05
2.883140000000000000e+05 1.967999999999999972e+01 -3.515159999999999951e-01 1.477530000000000010e+00 9.500830000000000108e-01 1.689477999999999884e+05
3.020660000000000000e+05 1.919000000000000128e+01 -8.726399999999999435e-02 1.410199999999999898e+00 9.678290000000000504e-01 1.799355000000000000e+05
2.750540000000000000e+05 1.975000000000000000e+01 -9.220679999999999987e-01 1.919999999999999929e+00 6.725109999999999699e-01 1.656430000000000000e+05
2.501420000000000000e+05 1.910999999999999943e+01 -9.201700000000000434e-01 3.220000000000000195e+00 1.128390000000000004e+00 1.514590000000000000e+05
2.753890000000000000e+05 1.946999999999999886e+01 -5.391000000000000236e-01 2.109999999999999876e+00 7.737399999999999833e-01 1.662091999999999825e+05
1.988440000000000000e+05 2.010000000000000142e+01 1.244450000000000056e+00 3.029999999999999805e+00 1.062079999999999913e+00 1.187154000000000087e+05
1.780210000000000000e+05 2.164000000000000057e+01 1.556789999999999896e+00 3.189999999999999947e+00 1.072810000000000041e+00 1.037801000000000058e+05
2.621380000000000000e+05 1.930000000000000071e+01 -5.200630000000000530e-01 2.379999999999999893e+00 8.718160000000000354e-01 1.604614000000000233e+05
2.699960000000000000e+05 1.935000000000000142e+01 -8.637489999999999890e-01 2.240000000000000213e+00 8.137370000000000436e-01 1.658766000000000058e+05
2.682670000000000000e+05 1.907999999999999829e+01 -5.230270000000000197e-01 2.330000000000000071e+00 8.559160000000000101e-01 1.628378000000000175e+05
2.717440000000000000e+05 1.889000000000000057e+01 -4.992670000000000163e-01 2.370000000000000107e+00 8.797949999999999937e-01 1.581075000000000000e+05
2.867360000000000000e+05 1.976999999999999957e+01 -1.101739999999999942e+00 2.240000000000000213e+00 7.716699999999999671e-01 1.649965000000000000e+05
2.763860000000000000e+05 1.951999999999999957e+01 -8.711499999999999799e-01 2.390000000000000124e+00 8.329490000000000505e-01 1.598150000000000000e+05
2.840740000000000000e+05 1.957999999999999829e+01 -9.552239999999999620e-01 2.270000000000000018e+00 7.976339999999999542e-01 1.657690000000000000e+05
3.018910000000000000e+05 1.980000000000000071e+01 5.518819999999999837e-01 2.846429999999999794e+00 7.119029999999999525e-01 1.719020999999999767e+05
2.731310000000000000e+05 1.794999999999999929e+01 5.588440000000000074e-01 2.846429999999999794e+00 6.969990000000000352e-01 1.549640000000000000e+05
2.731310000000000000e+05 1.819000000000000128e+01 4.575150000000000050e-01 2.846429999999999794e+00 6.859870000000000134e-01 1.713415000000000000e+05
2.910820000000000000e+05 1.803000000000000114e+01 8.715530000000000221e-01 2.846429999999999794e+00 6.905480000000000507e-01 1.669782999999999884e+05
3.072550000000000000e+05 1.805999999999999872e+01 5.788480000000000292e-01 2.846429999999999794e+00 6.859100000000000197e-01 1.714720000000000000e+05
2.954740000000000000e+05 1.814000000000000057e+01 3.826720000000000121e-01 2.846429999999999794e+00 6.616459999999999564e-01 1.643762999999999884e+05
3.011910000000000000e+05 1.805000000000000071e+01 4.495609999999999884e-01 2.846429999999999794e+00 7.767929999999999557e-01 1.694310000000000000e+05
3.001880000000000000e+05 1.801999999999999957e+01 4.494060000000000277e-01 2.846429999999999794e+00 7.635920000000000485e-01 1.695200000000000000e+05
2.860720000000000000e+05 1.837000000000000099e+01 4.201079999999999814e-01 2.846429999999999794e+00 7.637289999999999912e-01 1.589600000000000000e+05
2.974350000000000000e+05 1.821000000000000085e+01 3.020369999999999999e-01 2.846429999999999794e+00 7.655980000000000008e-01 1.668670000000000000e+05
2.905760000000000000e+05 1.814999999999999858e+01 3.007219999999999893e-01 2.846429999999999794e+00 7.153289999999999926e-01 1.627600000000000000e+05
2.862450000000000000e+05 1.817000000000000171e+01 3.493899999999999784e-01 2.636420000000000208e+00 7.287860000000000449e-01 1.616235000000000000e+05
2.810740000000000000e+05 1.812999999999999901e+01 1.979899999999999993e+00 1.184450000000000003e+00 8.199999999999999512e-01 1.689230000000000000e+05
2.531370000000000000e+05 1.848000000000000043e+01 1.620549999999999935e+00 1.194949999999999957e+00 8.405839999999999979e-01 1.520370000000000000e+05
2.847520000000000000e+05 1.835000000000000142e+01 1.690949999999999953e+00 1.192939999999999889e+00 8.340109999999999468e-01 1.718070000000000000e+05
2.753330000000000000e+05 1.835000000000000142e+01 1.766729999999999912e+00 1.177999999999999936e+00 8.357689999999999841e-01 1.639170000000000000e+05
1.513210000000000000e+05 1.980480000000000018e+01 4.586909999999999599e+00 1.711649999999999894e+00 9.132670000000000510e-01 8.730400000000000000e+04
2.528430000000000000e+05 1.967000000000000171e+01 1.938439999999999941e+00 1.838589999999999947e+00 9.737660000000000204e-01 1.468930000000000000e+05
2.862860000000000000e+05 1.853000000000000114e+01 6.620340000000000114e-01 1.550789999999999891e+00 9.136429999999999829e-01 1.701180000000000000e+05
2.685930000000000000e+05 1.855999999999999872e+01 7.569219999999999837e-01 1.552380000000000093e+00 9.249899999999999789e-01 1.617310000000000000e+05
2.944040000000000000e+05 1.855000000000000071e+01 8.147830000000000350e-01 1.346889999999999921e+00 8.867220000000000102e-01 1.727580000000000000e+05
2.829750000000000000e+05 1.830999999999999872e+01 1.153929999999999900e+00 1.292929999999999913e+00 8.822010000000000129e-01 1.654810000000000000e+05
2.855450000000000000e+05 1.835000000000000142e+01 1.013269999999999893e+00 1.348190000000000000e+00 8.974820000000000020e-01 1.692100000000000000e+05
3.038290000000000000e+05 1.962000000000000099e+01 -4.634210000000000274e-01 1.370670000000000055e+00 9.677789999999999448e-01 1.799089000000000233e+05
2.795030000000000000e+05 2.014000000000000057e+01 -7.078640000000000487e-01 1.404379999999999962e+00 9.503300000000000081e-01 1.634938999999999942e+05
2.884700000000000000e+05 1.971999999999999886e+01 1.645919999999999883e-01 1.543870000000000076e+00 1.023959999999999981e+00 1.693173999999999942e+05
2.893710000000000000e+05 1.939000000000000057e+01 1.325969999999999926e-01 1.600880000000000081e+00 8.148680000000000367e-01 1.688937000000000116e+05
2.982800000000000000e+05 1.937999999999999901e+01 -5.024070000000000480e-01 1.338119999999999976e+00 7.326529999999999987e-01 1.736876000000000058e+05
2.910870000000000000e+05 1.885000000000000142e+01 -2.739880000000000093e-01 1.455719999999999903e+00 7.312969999999999748e-01 1.705618000000000175e+05
2.892230000000000000e+05 1.953000000000000114e+01 -2.639089999999999839e-02 1.566249999999999920e+00 8.255670000000000508e-01 1.665280000000000000e+05
2.670580000000000000e+05 1.982000000000000028e+01 -2.971450000000000133e-02 1.463430000000000009e+00 8.136919999999999709e-01 1.564952000000000116e+05
3.030850000000000000e+05 1.976999999999999957e+01 -4.520390000000000241e-01 1.343800000000000106e+00 7.602339999999999653e-01 1.754912999999999884e+05
2.790380000000000000e+05 2.046000000000000085e+01 -2.593079999999999830e-01 1.429040000000000088e+00 8.288210000000000299e-01 1.615030000000000000e+05
3.007860000000000000e+05 1.960999999999999943e+01 -3.982729999999999881e-01 1.341259999999999897e+00 7.741930000000000200e-01 1.746157999999999884e+05
2.909160000000000000e+05 1.966000000000000014e+01 -8.900000000000000133e-01 2.319999999999999840e+00 8.227060000000000484e-01 1.678639000000000233e+05
2.533460000000000000e+05 1.939000000000000057e+01 -1.083299999999999930e+00 2.720000000000000195e+00 9.867650000000000032e-01 1.478322000000000116e+05
2.661600000000000000e+05 1.985000000000000142e+01 -1.138039999999999941e+00 2.140000000000000124e+00 7.222490000000000299e-01 1.566663999999999942e+05
8.989160000000000582e+04 2.171000000000000085e+01 1.762680000000000025e+00 5.940000000000000391e+00 1.750480000000000036e+00 5.296990999999999622e+04
1.573720000000000000e+05 2.317999999999999972e+01 1.676870000000000083e+00 3.919999999999999929e+00 7.326559999999999739e-01 8.774950000000000000e+04
2.706020000000000000e+05 1.443999999999999950e+01 -1.291029999999999900e+00 2.720000000000000195e+00 8.475810000000000288e-01 1.572706000000000058e+05
2.808060000000000000e+05 1.923000000000000043e+01 -1.517749999999999932e+00 2.540000000000000036e+00 7.696859999999999813e-01 1.615394000000000233e+05
2.864680000000000000e+05 1.950000000000000000e+01 -1.391699999999999937e+00 2.700000000000000178e+00 8.245890000000000164e-01 1.656085000000000000e+05
2.795330000000000000e+05 1.960000000000000142e+01 -1.400120000000000031e+00 2.810000000000000053e+00 8.592309999999999670e-01 1.608282999999999884e+05
2.859960000000000000e+05 1.989000000000000057e+01 -1.456479999999999997e+00 2.629999999999999893e+00 8.225259999999999794e-01 1.642058000000000175e+05
3.047780000000000000e+05 1.805999999999999872e+01 2.309630000000000016e-01 2.704689999999999817e+00 8.356419999999999959e-01 1.702555999999999767e+05
2.726890000000000000e+05 1.817000000000000171e+01 2.867480000000000029e-01 2.665350000000000108e+00 7.696880000000000388e-01 1.532320000000000000e+05
1.516680000000000000e+05 1.828999999999999915e+01 4.079160000000000008e-01 3.137329999999999952e+00 8.813280000000000003e-01 8.768300000000000000e+04
1.198710000000000000e+05 1.928000000000000114e+01 7.892400000000000526e-01 3.623749999999999805e+00 8.736249999999999849e-01 8.701400000000000000e+04
2.994980000000000000e+05 1.791000000000000014e+01 3.601170000000000204e-01 3.007439999999999891e+00 7.948979999999999935e-01 1.730320000000000000e+05
2.931140000000000000e+05 1.787999999999999901e+01 3.038159999999999750e-01 2.658160000000000078e+00 7.948979999999999935e-01 1.712470000000000000e+05
2.977670000000000000e+05 1.771000000000000085e+01 5.627760000000000540e-01 2.514920000000000044e+00 7.948979999999999935e-01 1.709680000000000000e+05
2.881910000000000000e+05 1.760000000000000142e+01 5.590030000000000276e-01 2.536039999999999850e+00 7.948979999999999935e-01 1.657487999999999884e+05
2.945320000000000000e+05 1.773000000000000043e+01 6.841720000000000024e-01 2.410899999999999821e+00 7.948979999999999935e-01 1.686940000000000000e+05
2.893240000000000000e+05 1.769999999999999929e+01 1.666590000000000016e-01 2.310770000000000213e+00 7.948979999999999935e-01 1.668700000000000000e+05
3.058630000000000000e+05 1.814000000000000057e+01 1.550670000000000104e-01 2.427719999999999878e+00 7.948979999999999935e-01 1.773260000000000000e+05
2.776310000000000000e+05 1.791000000000000014e+01 1.361900000000000110e+00 1.314659999999999940e+00 8.796469999999999567e-01 1.680930000000000000e+05
2.552210000000000000e+05 1.785000000000000142e+01 1.452199999999999935e+00 1.282040000000000068e+00 8.783490000000000464e-01 1.527570000000000000e+05
2.813150000000000000e+05 1.796000000000000085e+01 1.020820000000000061e+00 1.283590000000000009e+00 8.783910000000000329e-01 1.692230000000000000e+05
2.706960000000000000e+05 1.771999999999999886e+01 1.149420000000000108e+00 1.383650000000000047e+00 8.762130000000000196e-01 1.620100000000000000e+05
2.811730000000000000e+05 1.767999999999999972e+01 1.214239999999999986e+00 1.382519999999999971e+00 8.746230000000000393e-01 1.668740000000000000e+05
2.103390000000000000e+05 1.814999999999999858e+01 7.447350000000000358e-01 1.447459999999999969e+00 8.865969999999999684e-01 1.649070000000000000e+05
2.208140000000000000e+05 1.798000000000000043e+01 8.497120000000000228e-01 1.509800000000000031e+00 8.930860000000000465e-01 1.697670000000000000e+05
2.208140000000000000e+05 1.798000000000000043e+01 8.497120000000000228e-01 1.509800000000000031e+00 8.930860000000000465e-01 1.697670000000000000e+05
2.771110000000000000e+05 1.801000000000000156e+01 8.291969999999999619e-01 1.492590000000000083e+00 8.930029999999999912e-01 1.682400000000000000e+05
2.722140000000000000e+05 1.791000000000000014e+01 1.006590000000000096e+00 1.449470000000000036e+00 8.888160000000000505e-01 1.650710000000000000e+05
2.803250000000000000e+05 1.803000000000000114e+01 7.681170000000000497e-01 1.455999999999999961e+00 8.801489999999999592e-01 1.687500000000000000e+05
2.835900000000000000e+05 1.957999999999999829e+01 3.508180000000000187e-01 1.373210000000000042e+00 8.358079999999999954e-01 1.627933999999999942e+05
3.021750000000000000e+05 1.908999999999999986e+01 2.698729999999999740e-01 1.408600000000000074e+00 8.514490000000000114e-01 1.724270000000000000e+05
2.994480000000000000e+05 1.985999999999999943e+01 -5.662070000000000158e-01 1.412660000000000027e+00 7.549829999999999597e-01 1.684253000000000175e+05
2.935180000000000000e+05 1.955999999999999872e+01 -1.957349999999999923e-01 1.513630000000000031e+00 7.601409999999999556e-01 1.680875999999999767e+05
2.941790000000000000e+05 1.958999999999999986e+01 -3.295510000000000106e-02 1.498129999999999962e+00 7.120779999999999887e-01 1.697307000000000116e+05
2.926680000000000000e+05 1.912000000000000099e+01 -2.103049999999999919e-01 1.683110000000000106e+00 7.419639999999999569e-01 1.700593000000000175e+05
1.323230000000000000e+05 2.117999999999999972e+01 3.357509999999999994e+00 2.480280000000000040e+00 8.999169999999999670e-01 7.702769999999999709e+04
3.032410000000000000e+05 1.948999999999999844e+01 1.117480000000000001e-01 1.470159999999999911e+00 8.281469999999999665e-01 1.716555000000000000e+05
2.896680000000000000e+05 1.955000000000000071e+01 -7.744470000000000520e-02 1.374789999999999957e+00 7.686969999999999636e-01 1.672206000000000058e+05
2.959240000000000000e+05 1.946999999999999886e+01 -7.383270000000000111e-02 1.333949999999999969e+00 7.847359999999999891e-01 1.722223000000000175e+05
2.698150000000000000e+05 1.976000000000000156e+01 -1.354540000000000077e+00 2.850000000000000089e+00 8.843290000000000317e-01 1.549975000000000000e+05
2.183390000000000000e+05 2.073999999999999844e+01 -3.261350000000000082e-01 3.069999999999999840e+00 9.287210000000000187e-01 1.252648999999999942e+05
2.875840000000000000e+05 1.930000000000000071e+01 -1.233999999999999986e+00 2.459999999999999964e+00 7.520620000000000083e-01 1.666042999999999884e+05
2.800700000000000000e+05 1.862000000000000099e+01 -9.710450000000000470e-01 2.660000000000000142e+00 8.026200000000000001e-01 1.603658999999999942e+05
2.746100000000000000e+05 1.835000000000000142e+01 -8.851820000000000244e-01 2.569999999999999840e+00 8.422699999999999632e-01 1.578581000000000058e+05
2.826060000000000000e+05 1.866000000000000014e+01 -7.255089999999999595e-01 2.620000000000000107e+00 8.257569999999999633e-01 1.597359000000000233e+05
2.749790000000000000e+05 1.821999999999999886e+01 -7.686819999999999764e-01 2.720000000000000195e+00 8.246759999999999646e-01 1.548738000000000175e+05
2.865990000000000000e+05 1.898000000000000043e+01 -9.645639999999999770e-01 2.529999999999999805e+00 7.714039999999999786e-01 1.637472999999999884e+05
2.787820000000000000e+05 2.048000000000000043e+01 -1.106810000000000072e+00 2.770000000000000018e+00 8.600799999999999557e-01 1.561130000000000000e+05
2.697880000000000000e+05 1.892999999999999972e+01 -7.303939999999999877e-01 2.709999999999999964e+00 8.474080000000000501e-01 1.548823999999999942e+05
2.815890000000000000e+05 1.812000000000000099e+01 3.559300000000000241e-01 2.337390000000000079e+00 6.773209999999999509e-01 1.634180000000000000e+05
2.538540000000000000e+05 1.857999999999999829e+01 3.655149999999999788e-01 2.535400000000000098e+00 6.821720000000000006e-01 1.463360000000000000e+05
2.025530000000000000e+05 1.928999999999999915e+01 4.386050000000000226e-01 2.817070000000000185e+00 7.728859999999999619e-01 1.155980000000000000e+05
3.043800000000000000e+05 1.830999999999999872e+01 1.825690000000000091e-01 2.325790000000000024e+00 6.899699999999999722e-01 1.760162999999999884e+05
2.945970000000000000e+05 1.832999999999999829e+01 8.703110000000000013e-02 2.452739999999999920e+00 6.668199999999999683e-01 1.688000000000000000e+05
3.087920000000000000e+05 1.814999999999999858e+01 8.302070000000000283e-02 2.425219999999999931e+00 6.931119999999999504e-01 1.786590000000000000e+05
3.113020000000000000e+05 1.810999999999999943e+01 -5.934720000000000273e-02 2.519660000000000011e+00 6.367019999999999902e-01 1.797260000000000000e+05
2.819200000000000000e+05 1.846000000000000085e+01 -1.035770000000000024e-01 2.522800000000000153e+00 6.799549999999999761e-01 1.644510000000000000e+05
3.033910000000000000e+05 1.828999999999999915e+01 -2.024970000000000103e-01 2.529770000000000074e+00 7.007200000000000095e-01 1.769490000000000000e+05
2.956010000000000000e+05 1.826999999999999957e+01 -8.931190000000000309e-03 2.389819999999999833e+00 6.550439999999999596e-01 1.722780000000000000e+05
3.027220000000000000e+05 1.819999999999999929e+01 2.021299999999999833e-02 2.455330000000000013e+00 6.884099999999999664e-01 1.767590000000000000e+05
2.618190000000000000e+05 1.764999999999999858e+01 1.120500000000000052e+00 1.437659999999999938e+00 8.761299999999999644e-01 1.579550000000000000e+05
2.862800000000000000e+05 1.789000000000000057e+01 8.043400000000000549e-01 1.497330000000000050e+00 8.885229999999999517e-01 1.692470000000000000e+05
2.821660000000000000e+05 1.812999999999999901e+01 4.850140000000000007e-01 1.512100000000000000e+00 8.833309999999999773e-01 1.681700000000000000e+05
3.029360000000000000e+05 1.900000000000000000e+01 -4.611819999999999808e-01 1.606729999999999992e+00 8.895690000000000541e-01 1.746100000000000000e+05
2.850250000000000000e+05 1.860000000000000142e+01 -1.255729999999999902e-01 1.593329999999999913e+00 8.925840000000000440e-01 1.689640000000000000e+05
2.793990000000000000e+05 1.782999999999999829e+01 6.240390000000000104e-01 1.636540000000000106e+00 9.117589999999999861e-01 1.646530000000000000e+05
2.769600000000000000e+05 1.830000000000000071e+01 1.846540000000000126e-01 1.661909999999999998e+00 9.789579999999999949e-01 1.657350000000000000e+05
2.776790000000000000e+05 1.825000000000000000e+01 3.867470000000000074e-01 1.565739999999999910e+00 9.254919999999999813e-01 1.665240000000000000e+05
3.024390000000000000e+05 1.960000000000000142e+01 2.262389999999999887e-02 1.401089999999999947e+00 7.472800000000000553e-01 1.756402000000000116e+05
2.791860000000000000e+05 1.910999999999999943e+01 -1.906750000000000111e-01 1.483239999999999892e+00 7.762729999999999908e-01 1.631130999999999767e+05
2.972750000000000000e+05 1.976999999999999957e+01 -4.786500000000000199e-01 1.583830000000000071e+00 7.509270000000000111e-01 1.731087000000000116e+05
2.909450000000000000e+05 1.930000000000000071e+01 -1.964470000000000105e-01 1.684600000000000097e+00 7.546669999999999767e-01 1.702851999999999825e+05
2.985030000000000000e+05 1.900000000000000000e+01 -3.706269999999999842e-01 1.845299999999999940e+00 7.614769999999999595e-01 1.746976000000000058e+05
2.835400000000000000e+05 1.937999999999999901e+01 5.313269999999999799e-02 1.911720000000000086e+00 8.061570000000000125e-01 1.654102000000000116e+05
2.956280000000000000e+05 1.976999999999999957e+01 9.866720000000000698e-03 2.049300000000000122e+00 7.726650000000000462e-01 1.703242999999999884e+05
2.881260000000000000e+05 1.892999999999999972e+01 -1.229890000000000011e-01 1.856589999999999963e+00 7.648260000000000058e-01 1.670820000000000000e+05
3.172780000000000000e+05 1.894000000000000128e+01 -1.070600000000000024e-01 1.692059999999999897e+00 7.198609999999999731e-01 1.846082999999999884e+05
3.032400000000000000e+05 1.941000000000000014e+01 -1.489010000000000056e-01 1.686220000000000052e+00 6.006240000000000467e-01 1.758796999999999825e+05
3.151110000000000000e+05 1.953000000000000114e+01 1.411739999999999939e-01 1.630020000000000024e+00 7.018790000000000306e-01 1.822784000000000233e+05
2.847220000000000000e+05 1.887000000000000099e+01 -7.607110000000000261e-01 2.509999999999999787e+00 7.867490000000000316e-01 1.631103999999999942e+05
2.629930000000000000e+05 1.935999999999999943e+01 -1.073649999999999993e+00 2.979999999999999982e+00 9.231800000000000006e-01 1.503023999999999942e+05
2.746940000000000000e+05 1.950000000000000000e+01 -1.323430000000000106e+00 2.509999999999999787e+00 8.199999999999999512e-01 1.573188999999999942e+05
2.736080000000000000e+05 1.896999999999999886e+01 -1.062279999999999891e+00 2.720000000000000195e+00 8.536740000000000439e-01 1.563977000000000116e+05
2.825610000000000000e+05 1.878999999999999915e+01 -1.201300000000000034e+00 2.490000000000000213e+00 7.660569999999999879e-01 1.643281000000000058e+05
2.741460000000000000e+05 1.851000000000000156e+01 -6.793529999999999847e-01 2.669999999999999929e+00 8.182110000000000216e-01 1.585955000000000000e+05
2.827470000000000000e+05 1.887999999999999901e+01 -9.109749999999999792e-01 2.459999999999999964e+00 7.601849999999999996e-01 1.630590000000000000e+05
2.729720000000000000e+05 1.878999999999999915e+01 -8.218750000000000222e-01 2.720000000000000195e+00 8.542030000000000456e-01 1.514693000000000175e+05
2.773550000000000000e+05 1.935000000000000142e+01 -1.003020000000000023e+00 2.520000000000000018e+00 8.116219999999999546e-01 1.561967000000000116e+05
2.722460000000000000e+05 1.908999999999999986e+01 -7.604279999999999928e-01 2.649999999999999911e+00 8.634990000000000165e-01 1.544187999999999884e+05
2.793980000000000000e+05 1.456000000000000050e+01 -8.588989999999999680e-01 2.470000000000000195e+00 8.071760000000000046e-01 1.599587000000000116e+05
3.057420000000000000e+05 1.826000000000000156e+01 -6.830239999999999922e-02 2.408020000000000049e+00 6.624510000000000121e-01 1.772460000000000000e+05
2.727200000000000000e+05 1.830000000000000071e+01 -9.472730000000000039e-02 2.381019999999999914e+00 6.588049999999999740e-01 1.586680000000000000e+05
2.941650000000000000e+05 1.830000000000000071e+01 -1.217030000000000056e-01 2.452479999999999993e+00 6.719410000000000105e-01 1.711070000000000000e+05
2.877820000000000000e+05 1.866000000000000014e+01 -1.625080000000000136e-01 2.406800000000000050e+00 6.801770000000000316e-01 1.640790000000000000e+05
3.044770000000000000e+05 1.835999999999999943e+01 -1.550739999999999896e-01 2.356440000000000090e+00 6.896630000000000260e-01 1.745460000000000000e+05
2.909680000000000000e+05 1.830000000000000071e+01 -2.258020000000000027e-01 2.427020000000000177e+00 6.754839999999999733e-01 1.661990000000000000e+05
3.017670000000000000e+05 1.823999999999999844e+01 -7.879279999999999617e-02 2.384739999999999860e+00 6.312429999999999986e-01 1.733150000000000000e+05
2.930690000000000000e+05 1.823000000000000043e+01 3.069389999999999966e-02 2.380560000000000009e+00 7.361189999999999678e-01 1.682132000000000116e+05
3.086680000000000000e+05 1.842000000000000171e+01 -2.040230000000000099e-01 2.407869999999999955e+00 7.295340000000000158e-01 1.780908999999999942e+05
2.989120000000000000e+05 1.817000000000000171e+01 -2.285619999999999874e-01 2.456290000000000084e+00 6.995630000000000459e-01 1.720405000000000000e+05
3.062380000000000000e+05 1.810999999999999943e+01 1.146780000000000022e-01 2.318330000000000002e+00 7.195409999999999862e-01 1.751808999999999942e+05
2.829030000000000000e+05 1.982000000000000028e+01 -2.325299999999999867e-01 1.554419999999999913e+00 8.261730000000000462e-01 1.621711999999999825e+05
3.040230000000000000e+05 1.933999999999999986e+01 -2.030470000000000053e-01 1.648989999999999956e+00 6.854040000000000132e-01 1.751391000000000058e+05
2.923430000000000000e+05 1.935000000000000142e+01 -8.376649999999999374e-02 1.692949999999999955e+00 7.649099999999999788e-01 1.707701000000000058e+05
2.349660000000000000e+05 1.928000000000000114e+01 -6.925210000000000532e-01 3.060000000000000053e+00 9.994750000000000023e-01 1.379770000000000000e+05
2.853310000000000000e+05 1.919999999999999929e+01 -1.164919999999999956e+00 2.419999999999999929e+00 7.316390000000000393e-01 1.623442000000000116e+05
2.701410000000000000e+05 1.876999999999999957e+01 -7.581329999999999458e-01 2.620000000000000107e+00 8.318790000000000351e-01 1.566633999999999942e+05
2.793640000000000000e+05 1.819999999999999929e+01 -8.080890000000000295e-02 2.336100000000000065e+00 7.046000000000000041e-01 1.607705000000000000e+05
3.084950000000000000e+05 1.826000000000000156e+01 -1.459429999999999894e-01 2.323890000000000011e+00 6.577840000000000353e-01 1.794086000000000058e+05
2.963500000000000000e+05 1.846000000000000085e+01 -2.077589999999999992e-01 2.333800000000000097e+00 6.875069999999999792e-01 1.699646000000000058e+05
