6.045112439999999478e+06 3.242834368799999720e+04 4.536402814800000051e+05 2.818438121399999945e+05 2.096687579999999773e+00 2.933057429999999854e+01 1.822289865000000120e+01 1.573406538599999849e-01 9.775474422999999580e-02 1.367491664549999930e+00 1.757790999999999767e+05
5.385090259999999776e+06 -3.090483030800000051e+03 3.998032347100000479e+05 2.594693164359999937e+05 -2.218198480000000139e-01 2.869593260000000257e+01 1.862344616000000030e+01 -1.646848770800000278e-02 -1.068792565280000072e-02 1.382653522360000053e+00 1.581327000000000116e+05
5.891544200000000186e+06 4.803131672999999864e+04 4.285230210000000079e+05 2.771572480799999903e+05 3.049357140000000133e+00 2.720557800000000270e+01 1.759584143999999739e+01 2.217957957000000202e-01 1.434515985360000079e-01 1.279838167200000099e+00 1.768090000000000000e+05
5.704328479999999516e+06 3.323724030399999901e+04 4.393691806400000351e+05 2.665758837920000078e+05 2.172626029999999986e+00 2.872034229999999866e+01 1.742532468999999651e+01 1.673439602900000100e-01 1.015316186870000026e-01 1.342165104670000053e+00 1.697196000000000058e+05
4.162353769999999553e+06 2.027872354499999783e+05 4.964041907699999865e+05 2.275953439599999983e+05 2.109821849999999799e+01 5.164646609999999072e+01 2.367928279999999930e+01 2.516183068499999731e+00 1.153639637999999801e+00 2.824001962799999710e+00 1.149108999999999942e+05
5.639200600000000559e+06 -1.091075035749999952e+05 5.634372108999999473e+05 2.866219082550000167e+05 -6.925949799999999712e+00 3.576598960000000460e+01 1.819424771999999990e+01 -6.920019546999999216e-01 -3.520231126649999709e-01 1.817866913579999855e+00 1.731681999999999825e+05
5.972348979999999516e+06 -2.948207631660000188e+05 5.922756881999999750e+05 2.993610262240000302e+05 -1.902188222999999923e+01 3.821372099999999961e+01 1.931482072000000016e+01 -1.886393180700000061e+00 -9.534623988240000791e-01 1.915443784800000104e+00 1.761757999999999884e+05
5.946814179999999702e+06 -2.780039908839999698e+05 5.751787846800000407e+05 2.911848295079999953e+05 -1.790392762000000104e+01 3.704248739999999884e+01 1.875279594000000216e+01 -1.731676662119999932e+00 -8.766630255720000431e-01 1.813779622440000017e+00 1.749701000000000058e+05
5.685739049999999814e+06 -1.523718057599999884e+05 5.287077230699999491e+05 2.775450761700000148e+05 -9.623567999999998790e+00 3.339236349999999476e+01 1.752931849999999869e+01 -8.948800991999998899e-01 -4.697672351999999663e-01 1.630023113900000098e+00 1.746641000000000058e+05
5.993380980000000447e+06 -1.434300630119999987e+05 4.973364323100000038e+05 2.786956103790000197e+05 -9.025406160000001066e+00 3.129513580000000417e+01 1.753705622000000020e+01 -7.489367545200000809e-01 -4.196864986680000076e-01 1.455241541090000146e+00 1.779951000000000058e+05
5.674019519999999553e+06 -1.013469840240000049e+05 4.259925844200000283e+05 2.739222300619999878e+05 -6.917834880000000020e+00 2.907779040000000137e+01 1.869763344000000060e+01 -5.193754354799999806e-01 -3.339693758280000146e-01 1.403776134989999980e+00 1.689477999999999884e+05
5.796646540000000037e+06 -2.635948742399999901e+04 4.259734731999999494e+05 2.923482347140000202e+05 -1.674596160000000111e+00 2.706173799999999829e+01 1.857263851000000088e+01 -1.230596927999999812e-01 -8.445662985599999839e-02 1.364832455800000011e+00 1.799355000000000000e+05
5.432316500000000000e+06 -2.536184916720000037e+05 5.281036799999999348e+05 1.849768405939999793e+05 -1.821084300000000056e+01 3.792000000000000171e+01 1.328209224999999982e+01 -1.770370559999999927e+00 -6.201008727479999649e-01 1.291221119999999889e+00 1.656430000000000000e+05
4.780213620000000112e+06 -2.301731641400000080e+05 8.054572399999999907e+05 2.822577313800000120e+05 -1.758444869999999938e+01 6.153419999999999845e+01 2.156353289999999845e+01 -2.962947400000000453e+00 -1.038310626300000150e+00 3.633415800000000306e+00 1.514590000000000000e+05
5.361823830000000075e+06 -1.484622099000000162e+05 5.810707899999999208e+05 2.130794848599999968e+05 -1.049627699999999919e+01 4.108169999999999789e+01 1.506471779999999860e+01 -1.137500999999999873e+00 -4.171232340000000094e-01 1.632591399999999915e+00 1.662091999999999825e+05
3.996764400000000373e+06 2.474514158000000170e+05 6.024973199999999488e+05 2.111882355199999874e+05 2.501344500000000437e+01 6.090299999999999869e+01 2.134780800000000056e+01 3.770683500000000077e+00 1.321705455999999890e+00 3.218102399999999363e+00 1.187154000000000087e+05
3.852374439999999944e+06 2.771413125899999868e+05 5.678869899999999907e+05 1.909827090100000205e+05 3.368893560000000065e+01 6.903159999999999741e+01 2.321560840000000070e+01 4.966160099999999744e+00 1.670139879900000013e+00 3.422263899999999914e+00 1.037801000000000058e+05
5.059263400000000373e+06 -1.363282746940000216e+05 6.238884399999999441e+05 2.285361026080000156e+05 -1.003721590000000141e+01 4.593399999999999750e+01 1.682604880000000236e+01 -1.237749940000000048e+00 -4.533992444080000572e-01 2.074922079999999891e+00 1.604614000000000233e+05
5.224422600000000559e+06 -2.332087750039999955e+05 6.047910400000000373e+05 2.197057350520000036e+05 -1.671354314999999957e+01 4.334400000000000830e+01 1.574581095000000275e+01 -1.934797760000000144e+00 -7.028645200130000381e-01 1.822770880000000204e+00 1.658766000000000058e+05
5.118534359999999404e+06 -1.403108842090000107e+05 6.250621099999999860e+05 2.296140175720000116e+05 -9.979355159999999003e+00 4.445639999999999503e+01 1.633087727999999927e+01 -1.218652910000000089e+00 -4.476671777320000434e-01 1.994284280000000020e+00 1.628378000000000175e+05
5.133244160000000149e+06 -1.356728116480000026e+05 6.440332800000000279e+05 2.390790124800000049e+05 -9.431153630000000732e+00 4.476930000000000121e+01 1.661932755000000128e+01 -1.183262790000000120e+00 -4.392526102650000097e-01 2.085114149999999889e+00 1.581075000000000000e+05
5.668770719999999739e+06 -3.159085206400000025e+05 6.422886400000000140e+05 2.212655691200000001e+05 -2.178139979999999909e+01 4.428480000000000416e+01 1.525591589999999975e+01 -2.467897600000000136e+00 -8.501797057999999074e-01 1.728540799999999988e+00 1.649965000000000000e+05
5.395054719999999739e+06 -2.407736638999999850e+05 6.605625400000000373e+05 2.302154423140000144e+05 -1.700484799999999908e+01 4.665279999999999916e+01 1.625916447999999903e+01 -2.082048499999999969e+00 -7.256235213500000780e-01 1.990748110000000182e+00 1.598150000000000000e+05
5.562168919999999925e+06 -2.713543025759999873e+05 6.448479799999999814e+05 2.265870809159999772e+05 -1.870328591999999901e+01 4.444659999999999656e+01 1.561767371999999732e+01 -2.168358479999999755e+00 -7.619191400159999183e-01 1.810629179999999838e+00 1.657690000000000000e+05
5.977441799999999814e+06 1.666082088619999995e+05 8.593115991299999878e+05 2.149171085729999759e+05 1.092726359999999985e+01 5.635931399999999769e+01 1.409567939999999986e+01 1.570893481259999946e+00 3.928864514459999846e-01 2.026382056289999678e+00 1.719020999999999767e+05
4.902701450000000186e+06 1.526376205640000117e+05 7.774482723299999489e+05 1.903720338690000062e+05 1.003124979999999944e+01 5.109341849999999141e+01 1.251113205000000050e+01 1.590710326919999806e+00 3.895137091560000320e-01 1.983958863570000064e+00 1.549640000000000000e+05
4.968252890000000596e+06 1.249615294649999996e+05 7.774482723299999489e+05 1.873643152969999937e+05 8.322197850000000230e+00 5.177656170000000202e+01 1.247810353000000028e+01 1.302284421450000007e+00 3.138493423050000009e-01 1.952613976409999896e+00 1.713415000000000000e+05
5.248208459999999963e+06 2.536933903460000001e+05 8.285445372599998955e+05 2.010060929360000009e+05 1.571410059000000103e+01 5.132113290000000205e+01 1.245058044000000130e+01 2.480814605790000016e+00 6.018491810440000922e-01 1.965596543640000027e+00 1.669782999999999884e+05
5.549025299999999814e+06 1.778539422400000039e+05 8.745798496499999892e+05 2.107492770500000042e+05 1.045399487999999977e+01 5.140652579999999006e+01 1.238753459999999862e+01 1.647650312639999948e+00 3.970376316800000582e-01 1.952394801299999871e+00 1.714720000000000000e+05
5.359898360000000335e+06 1.130696265280000080e+05 8.410460578199999873e+05 1.954991902039999841e+05 6.941670080000000631e+00 5.163424020000000070e+01 1.200225844000000031e+01 1.089249060959999849e+00 2.531933981119999788e-01 1.883329023779999778e+00 1.643762999999999884e+05
5.436497549999999814e+06 1.354037271509999991e+05 8.573190981299999403e+05 2.339630604629999725e+05 8.114576050000000151e+00 5.137806150000000116e+01 1.402111365000000021e+01 1.279643917229999817e+00 3.492158378729999790e-01 2.211086898989999661e+00 1.694310000000000000e+05
5.409387759999999776e+06 1.349062883279999951e+05 8.544641288399999030e+05 2.292211552960000117e+05 8.098296120000000542e+00 5.129266859999999184e+01 1.375992784000000135e+01 1.279202720580000063e+00 3.431628263520000166e-01 2.173511176559999925e+00 1.695200000000000000e+05
5.255142640000000596e+06 1.201811357759999955e+05 8.142839229599999962e+05 2.184814824880000087e+05 7.717383960000000265e+00 5.228891910000000109e+01 1.402970173000000109e+01 1.195808014439999845e+00 3.208486627319999673e-01 2.173901137469999689e+00 1.589600000000000000e+05
5.416291350000000559e+06 8.983637509499999578e+04 8.466279070499999216e+05 2.277156411300000036e+05 5.500093770000000326e+00 5.183349030000000113e+01 1.394153958000000060e+01 8.597271779099999733e-01 2.312389231260000011e-01 2.179221115139999831e+00 1.668670000000000000e+05
5.273954399999999441e+06 8.738259587199999078e+04 8.271042436799999559e+05 2.078574395040000090e+05 5.458104299999999576e+00 5.166270449999998959e+01 1.298322134999999911e+01 8.559841224599998855e-01 2.151151675380000017e-01 2.036133925469999717e+00 1.627600000000000000e+05
5.201071650000000373e+06 1.000111405499999964e+05 7.546620429000001168e+05 2.086113485700000019e+05 6.348416300000000234e+00 4.790375140000001153e+01 1.324204162000000196e+01 9.211387838000000272e-01 2.546305405400000055e-01 1.921385986120000222e+00 1.616235000000000000e+05
5.095871620000000112e+06 5.564984126000000397e+05 3.329180993000000017e+05 2.304806799999999930e+05 3.589558699999999902e+01 2.147407849999999740e+01 1.486659999999999826e+01 2.345092554999999912e+00 1.623517999999999795e+00 9.712489999999999180e-01 1.689230000000000000e+05
4.677971759999999776e+06 4.102211653499999666e+05 3.024860581499999971e+05 2.127829120080000139e+05 2.994776399999999938e+01 2.208267599999999931e+01 1.553399232000000119e+01 1.936476222499999844e+00 1.362208401199999974e+00 1.004455850799999883e+00 1.520370000000000000e+05
5.225199200000000186e+06 4.815013943999999901e+05 3.396920508799999952e+05 2.374863002719999931e+05 3.102893249999999981e+01 2.189044900000000027e+01 1.530410185000000034e+01 2.017201892999999746e+00 1.410270900449999809e+00 9.949250823399998778e-01 1.718070000000000000e+05
5.052360550000000745e+06 4.864390710899999831e+05 3.243422739999999758e+05 2.301147860769999970e+05 3.241949550000000357e+01 2.161629999999999896e+01 1.533636115000000011e+01 2.081207939999999645e+00 1.476578165369999862e+00 9.845358819999999733e-01 1.639170000000000000e+05
2.996882140800000168e+06 6.940958081099999836e+05 2.590085896499999799e+05 1.381964757070000051e+05 9.084283516799999347e+01 3.389888591999999790e+01 1.808707028160000263e+01 7.851184501499998802e+00 4.189073534969999457e+00 1.563193460549999969e+00 8.730400000000000000e+04
4.973421810000000522e+06 4.901209849199999589e+05 4.648746113699999987e+05 2.462099167379999999e+05 3.812911480000000353e+01 3.616506530000000197e+01 1.915397722000000158e+01 3.563996399599999698e+00 1.887586965039999898e+00 1.790356429939999883e+00 1.468930000000000000e+05
5.304879580000000075e+06 1.895310657240000146e+05 4.439694659399999655e+05 2.615631998979999917e+05 1.226749002000000033e+01 2.873613870000000148e+01 1.692980479000000216e+01 1.026675706859999870e+00 6.048627298619999593e-01 1.416868427969999900e+00 1.701180000000000000e+05
4.985086080000000075e+06 2.033039507459999877e+05 4.169584013400000404e+05 2.484458390699999873e+05 1.404847231999999835e+01 2.881217279999999903e+01 1.716781439999999748e+01 1.175030574360000024e+00 7.001452807799999345e-01 1.435935976200000130e+00 1.617310000000000000e+05
5.461194200000000186e+06 2.398753743320000067e+05 3.965298035599999712e+05 2.610545036879999971e+05 1.511422465000000059e+01 2.498480950000000078e+01 1.644869309999999984e+01 1.097423074870000015e+00 7.224860113259999883e-01 1.194316994579999847e+00 1.727580000000000000e+05
5.181272250000000000e+06 3.265333417499999632e+05 3.658668667499999865e+05 2.496408279749999929e+05 2.112845829999999836e+01 2.367354829999999666e+01 1.615310030999999924e+01 1.491950714899999753e+00 1.017998199929999847e+00 1.140624138930000031e+00 1.654810000000000000e+05
5.239750750000000000e+06 2.893341821499999496e+05 3.849689135499999975e+05 2.562714976899999892e+05 1.859350449999999810e+01 2.473928650000000218e+01 1.646879470000000012e+01 1.366080481299999816e+00 9.093915861399999301e-01 1.209976257579999936e+00 1.692100000000000000e+05
5.961124980000000447e+06 -1.408007390090000117e+05 4.164492954299999983e+05 2.940393257909999811e+05 -9.092320020000000724e+00 2.689254540000000304e+01 1.898782397999999816e+01 -6.351972620700000460e-01 -4.484891119589999864e-01 1.326505641929999868e+00 1.799089000000000233e+05
5.629190419999999925e+06 -1.978501115920000011e+05 3.925284231399999699e+05 2.656200859899999923e+05 -1.425638096000000132e+01 2.828421319999999994e+01 1.913964620000000139e+01 -9.941100443200000525e-01 -6.727043951200000205e-01 1.334624445400000026e+00 1.634938999999999942e+05
5.688628399999999441e+06 4.747985423999999330e+04 4.453601788999999990e+05 2.953817411999999895e+05 3.245754239999999680e+00 3.044511639999999986e+01 2.019249119999999920e+01 2.541086510400000220e-01 1.685356243199999937e-01 1.580861125199999995e+00 1.693173999999999942e+05
5.610903690000000410e+06 3.836972648699999991e+04 4.632482464800000307e+05 2.357991680280000146e+05 2.571055830000000153e+00 3.104106320000000352e+01 1.580029052000000078e+01 2.122718853599999955e-01 1.080490521960000005e-01 1.304505883840000102e+00 1.688937000000000116e+05
5.780666399999999441e+06 -1.498579599600000074e+05 3.991344335999999894e+05 2.185357368399999978e+05 -9.736647660000000926e+00 2.593276559999999975e+01 1.419881513999999889e+01 -6.722808548399999973e-01 -3.680899957710000447e-01 9.803776323599999731e-01 1.736876000000000058e+05
5.486989950000000186e+06 -7.975434495600000082e+04 4.237411676399999997e+05 2.128710498389999848e+05 -5.164673800000000981e+00 2.744032200000000188e+01 1.378494844999999991e+01 -3.988498113599999728e-01 -2.003666024359999909e-01 1.064563668839999977e+00 1.705618000000000175e+05
5.648525190000000410e+06 -7.632855270699999892e+03 4.529955237499999930e+05 2.387729644410000183e+05 -5.154142769999999762e-01 3.058886250000000118e+01 1.612332351000000230e+01 -4.133474712499999454e-02 -2.178745614030000097e-02 1.293044313750000063e+00 1.665280000000000000e+05
5.293089560000000522e+06 -7.935494940999999926e+03 3.908206889400000218e+05 2.173029581360000011e+05 -5.889413900000000091e-01 2.900518260000000126e+01 1.612737543999999801e+01 -4.348509073500000238e-02 -2.417845093399999951e-02 1.190781283560000015e+00 1.564952000000000116e+05
5.991990450000000186e+06 -1.370062403150000027e+05 4.072856230000000214e+05 2.304155218900000036e+05 -8.936811029999999434e+00 2.656692600000000226e+01 1.502982617999999881e+01 -6.074500082000000578e-01 -3.436554171260000068e-01 1.021602449199999985e+00 1.754912999999999884e+05
5.709117480000000447e+06 -7.235678570399999444e+04 3.987564635200000484e+05 2.312725541979999980e+05 -5.305441679999999494e+00 2.923815840000000321e+01 1.695767766000000165e+01 -3.705615043200000125e-01 -2.149199158679999944e-01 1.184418361840000156e+00 1.615030000000000000e+05
5.898413459999999963e+06 -1.197949425780000020e+05 4.034322303599999868e+05 2.328664156979999971e+05 -7.810133529999999880e+00 2.630210859999999684e+01 1.518192473000000042e+01 -5.341876439799999599e-01 -3.083401686889999938e-01 1.038394103179999917e+00 1.746157999999999884e+05
5.719408559999999590e+06 -2.589152399999999907e+05 6.749251199999999953e+05 2.393383386960000207e+05 -1.749739999999999895e+01 4.561119999999999663e+01 1.617439996000000235e+01 -2.064799999999999969e+00 -7.322083400000000131e-01 1.908677919999999917e+00 1.678639000000000233e+05
4.912378940000000410e+06 -2.744497217999999993e+05 6.891011199999999953e+05 2.499929656900000118e+05 -2.100518699999999939e+01 5.274080000000000723e+01 1.913337334999999939e+01 -2.946575999999999862e+00 -1.068962524499999844e+00 2.684000800000000186e+00 1.478322000000000116e+05
5.283276000000000000e+06 -3.029007263999999850e+05 5.695824000000000233e+05 1.922337938399999985e+05 -2.259009400000000056e+01 4.247900000000000631e+01 1.433664265000000171e+01 -2.435405600000000170e+00 -8.219482519599999870e-01 1.545612860000000088e+00 1.566663999999999942e+05
1.951546636000000173e+06 1.584501254880000197e+05 5.339561040000000503e+05 1.573534479680000222e+05 3.826778279999999910e+01 1.289574000000000069e+02 3.800292080000000539e+01 1.047031920000000049e+01 3.085536086400000322e+00 1.039785120000000163e+01 5.296990999999999622e+04
3.647882959999999963e+06 2.638923856399999931e+05 6.168982399999999907e+05 1.152995400319999899e+05 3.886984660000000247e+01 9.086560000000000059e+01 1.698296608000000063e+01 6.573330400000000573e+00 1.228568866720000097e+00 2.872011520000000040e+00 8.774950000000000000e+04
3.907492879999999888e+06 -3.493553000599999796e+05 7.360374400000000605e+05 2.293571137619999936e+05 -1.864247319999999775e+01 3.927680000000000149e+01 1.223906964000000031e+01 -3.511601600000000101e+00 -1.094252498429999942e+00 2.305420320000000078e+00 1.572706000000000058e+05
5.399899379999999888e+06 -4.261933065000000061e+05 7.132472399999999907e+05 2.161324469159999862e+05 -2.918633249999999890e+01 4.884420000000000073e+01 1.480106177999999950e+01 -3.855084999999999873e+00 -1.168190926499999893e+00 1.955002439999999897e+00 1.615394000000000233e+05
5.586126000000000000e+06 -3.986775155999999843e+05 7.734636000000000931e+05 2.362183616519999923e+05 -2.713814999999999955e+01 5.265000000000000568e+01 1.607948550000000054e+01 -3.757589999999999986e+00 -1.147580511299999939e+00 2.226390300000000266e+00 1.656085000000000000e+05
5.478846800000000745e+06 -3.913797439599999925e+05 7.854877299999999814e+05 2.401834191229999997e+05 -2.744235200000000319e+01 5.507600000000000762e+01 1.684092760000000055e+01 -3.934337200000000312e+00 -1.203026507719999971e+00 2.414439109999999999e+00 1.608282999999999884e+05
5.688460440000000410e+06 -4.165474540799999959e+05 7.521694799999999814e+05 2.352391458960000018e+05 -2.896938719999999989e+01 5.231069999999999709e+01 1.636004214000000090e+01 -3.830542399999999681e+00 -1.197992668479999967e+00 2.163243379999999938e+00 1.642058000000000175e+05
5.504290679999999702e+06 7.039244121400000586e+04 8.243300088199999882e+05 2.546852974760000070e+05 4.171191780000000016e+00 4.884670139999999350e+01 1.509169451999999900e+01 6.246833164699999719e-01 1.930023832459999977e-01 2.260152560979999947e+00 1.702555999999999767e+05
4.954759130000000820e+06 7.819302537200000370e+04 7.268116261500000255e+05 2.098854510320000118e+05 5.210211160000000952e+00 4.842940950000000555e+01 1.398523096000000265e+01 7.642837818000000061e-01 2.207064946240000214e-01 2.051487910800000147e+00 1.532320000000000000e+05
2.774007719999999739e+06 6.186780388800000219e+04 4.758325664399999660e+05 1.336692551040000108e+05 7.460783639999999828e+00 5.738176569999999543e+01 1.611948912000000078e+01 1.279767104280000067e+00 3.595077924480000187e-01 2.765016774239999808e+00 8.768300000000000000e+04
2.311112880000000354e+06 9.460698804000001110e+04 4.343825362500000047e+05 1.047223023749999993e+05 1.521654720000000260e+01 6.986589999999999634e+01 1.684348999999999918e+01 2.860008450000000035e+00 6.894997950000000264e-01 3.165798593749999945e+00 8.701400000000000000e+04
5.364009179999999702e+06 1.078543212659999990e+05 9.007222651199999964e+05 2.380703612039999862e+05 6.449695469999999986e+00 5.386325039999999831e+01 1.423662318000000049e+01 1.083030270480000112e+00 2.862562830660000390e-01 2.390608041119999694e+00 1.730320000000000000e+05
5.240878319999999367e+06 8.905272302399999171e+04 7.791439102399999974e+05 2.329957323719999986e+05 5.432230079999999184e+00 4.752790079999999762e+01 1.421277623999999840e+01 8.075915385599999885e-01 2.415027307679999680e-01 2.112966067679999949e+00 1.712470000000000000e+05
5.273453570000000298e+06 1.675761211920000205e+05 7.488601836400000611e+05 2.366943927660000045e+05 9.966762960000002280e+00 4.453923320000000530e+01 1.407764358000000016e+01 1.415336617920000206e+00 4.473495168480000617e-01 1.999104878160000043e+00 1.709680000000000000e+05
5.072161600000000559e+06 1.610996335729999992e+05 7.308639036399999168e+05 2.290824495180000085e+05 9.838452800000000664e+00 4.463430400000000020e+01 1.399020480000000077e+01 1.417653968119999996e+00 4.443503666940000207e-01 2.015893123919999752e+00 1.657487999999999884e+05
5.222052360000000335e+06 2.015105475039999874e+05 7.100871987999998964e+05 2.341228977359999844e+05 1.213036956000000011e+01 4.274525699999999517e+01 1.409354154000000037e+01 1.649470274799999858e+00 5.438469544559999536e-01 1.916419588199999913e+00 1.686940000000000000e+05
5.121034799999999814e+06 4.821844851600000402e+04 6.685612194800000871e+05 2.299830689520000014e+05 2.949864299999999773e+00 4.090062900000000212e+01 1.406969460000000005e+01 3.851106174300000240e-01 1.324769057819999984e-01 1.836826451460000120e+00 1.668700000000000000e+05
5.548354820000000298e+06 4.742925782100000652e+04 7.425497223600000143e+05 2.431298869739999936e+05 2.812915380000000187e+00 4.403884080000000267e+01 1.441944972000000114e+01 3.764592572400000114e-01 1.232624481660000021e-01 1.929789772559999950e+00 1.773260000000000000e+05
4.972371209999999963e+06 3.781056589000000386e+05 3.649903704600000056e+05 2.442172762569999904e+05 2.439162900000000178e+01 2.354556059999999817e+01 1.575447776999999938e+01 1.790435454000000037e+00 1.197991249300000005e+00 1.156436725019999834e+00 1.680930000000000000e+05
4.555694850000000559e+06 3.706319361999999965e+05 3.272035308400000213e+05 2.241731101290000079e+05 2.592177000000000220e+01 2.288441400000000314e+01 1.567852965000000154e+01 1.861778488000000120e+00 1.275538417799999991e+00 1.126078551960000063e+00 1.527570000000000000e+05
5.052417400000000373e+06 2.871719783000000170e+05 3.610931208500000066e+05 2.471045641650000180e+05 1.833392720000000153e+01 2.305327640000000144e+01 1.577590236000000168e+01 1.310314343800000003e+00 8.966791006200001135e-01 1.127493903690000021e+00 1.692230000000000000e+05
4.796733120000000112e+06 3.111433963200000580e+05 3.745485204000000376e+05 2.371873542480000178e+05 2.036772240000000167e+01 2.451827799999999868e+01 1.552649435999999916e+01 1.590394983000000151e+00 1.007136746460000065e+00 1.212372117450000175e+00 1.620100000000000000e+05
4.971138639999999665e+06 3.414115035199999693e+05 3.887272959600000177e+05 2.459203727789999975e+05 2.146776320000000027e+01 2.444295359999999917e+01 1.546333464000000113e+01 1.678711084799999975e+00 1.062002231519999951e+00 1.209183789959999977e+00 1.668740000000000000e+05
3.817652849999999627e+06 1.566468151650000073e+05 3.044572889399999985e+05 1.864859263829999836e+05 1.351694024999999932e+01 2.627139899999999884e+01 1.609173554999999922e+01 1.077974123099999959e+00 6.602798167950000296e-01 1.283313693620000029e+00 1.649070000000000000e+05
3.970235720000000205e+06 1.876283055680000107e+05 3.333849772000000230e+05 1.972058920040000230e+05 1.527782176000000014e+01 2.714620400000000089e+01 1.605768628000000220e+01 1.282895177600000158e+00 7.588658912320001004e-01 1.348381242800000157e+00 1.697670000000000000e+05
3.970235720000000205e+06 1.876283055680000107e+05 3.333849772000000230e+05 1.972058920040000230e+05 1.527782176000000014e+01 2.714620400000000089e+01 1.605768628000000220e+01 1.282895177600000158e+00 7.588658912320001004e-01 1.348381242800000157e+00 1.697670000000000000e+05
4.990769110000000335e+06 2.297796098669999919e+05 4.136131074900000240e+05 2.474609543330000015e+05 1.493383797000000079e+01 2.688154590000000255e+01 1.608298403000000221e+01 1.237651150230000052e+00 7.404754085909999173e-01 1.332887347770000064e+00 1.682400000000000000e+05
4.875352740000000224e+06 2.740078902600000147e+05 3.945660265800000052e+05 2.419481586240000033e+05 1.802802690000000041e+01 2.596000770000000202e+01 1.591869456000000049e+01 1.459022007300000201e+00 8.946732974400001259e-01 1.288312127520000017e+00 1.650710000000000000e+05
5.054259750000000000e+06 2.153223980250000022e+05 4.081532000000000116e+05 2.467277684249999875e+05 1.384914951000000194e+01 2.625168000000000035e+01 1.586908647000000094e+01 1.118378352000000131e+00 6.760574094329999673e-01 1.281496943999999916e+00 1.687500000000000000e+05
5.552692199999999255e+06 9.948847662000000128e+04 3.894286239000000060e+05 2.370267907199999900e+05 6.869016439999999335e+00 2.688745179999999735e+01 1.636512063999999711e+01 4.817467857800000197e-01 2.932164909440000411e-01 1.147739903680000007e+00 1.627933999999999942e+05
5.768520750000000000e+06 8.154887377499998547e+04 4.256437050000000163e+05 2.572866015750000079e+05 5.151875569999999627e+00 2.689017400000000180e+01 1.625416141000000181e+01 3.801431077999999908e-01 2.297830959769999737e-01 1.199351061400000029e+00 1.724270000000000000e+05
5.947037280000000261e+06 -1.695495537360000017e+05 4.230182116800000076e+05 2.260781493839999894e+05 -1.124487101999999972e+01 2.805542759999999802e+01 1.499396237999999926e+01 -7.998579806200000197e-01 -4.274766594809999987e-01 1.066534284779999897e+00 1.684253000000000175e+05
5.741212080000000075e+06 -5.745174572999999509e+04 4.442776503399999929e+05 2.231150660379999899e+05 -3.828576599999999441e+00 2.960660279999999744e+01 1.486835795999999732e+01 -2.962703680500000103e-01 -1.487861986349999777e-01 1.150572221829999853e+00 1.680875999999999767e+05
5.762966610000000335e+06 -9.694698362900000575e+03 4.407183852699999698e+05 2.094783939620000019e+05 -6.455904089999999762e-01 2.934836669999999970e+01 1.394960801999999944e+01 -4.937102396299999918e-02 -2.346660169780000194e-02 1.066785414139999943e+00 1.697307000000000116e+05
5.595812160000000149e+06 -6.154954374000000098e+04 4.925924374800000223e+05 2.171491199519999791e+05 -4.021031599999999706e+00 3.218106320000000409e+01 1.418635167999999958e+01 -3.539664485500000346e-01 -1.560387390199999835e-01 1.248807028040000100e+00 1.700593000000000175e+05
2.802601140000000130e+06 4.442757957300000126e+05 3.281980904399999999e+05 1.190797171909999888e+05 7.111206179999999222e+01 5.253233039999999932e+01 1.906024206000000021e+01 8.327564902800000723e+00 3.021480326669999883e+00 2.232046136759999744e+00 7.702769999999999709e+04
5.910167089999999851e+06 3.388657526800000051e+04 4.458127885599999572e+05 2.511281244270000025e+05 2.177968519999999852e+00 2.865341839999999607e+01 1.614058502999999689e+01 1.642874396799999803e-01 9.254377095599999881e-02 1.217508593519999849e+00 1.716555000000000000e+05
5.663009400000000373e+06 -2.243325135960000262e+04 3.982326697200000053e+05 2.226669225959999894e+05 -1.514043885000000200e+00 2.687714449999999999e+01 1.502802634999999931e+01 -1.064701991129999997e-01 -5.953150855590000345e-02 1.056796948629999955e+00 1.672206000000000058e+05
5.761640279999999329e+06 -2.184886791480000102e+04 3.947478197999999975e+05 2.322222160640000075e+05 -1.437522669000000031e+00 2.597200649999999911e+01 1.527880991999999871e+01 -9.848913016499999395e-02 -5.793917766719999807e-02 1.046798587199999853e+00 1.722223000000000175e+05
5.331544400000000373e+06 -3.654752101000000257e+05 7.689727500000000000e+05 2.386052291350000014e+05 -2.676571040000000323e+01 5.631600000000000961e+01 1.747434104000000232e+01 -3.860439000000000398e+00 -1.197859003660000088e+00 2.520337650000000096e+00 1.549975000000000000e+05
4.528350859999999404e+06 -7.120798976500000572e+04 6.703007299999999814e+05 2.027760144190000137e+05 -6.764039899999999328e+00 6.367179999999999040e+01 1.926167354000000032e+01 -1.001234449999999887e+00 -3.028884233349999899e-01 2.851173469999999988e+00 1.252648999999999942e+05
5.550371200000000186e+06 -3.548786560000000172e+05 7.074566400000000140e+05 2.162809982080000045e+05 -2.381620000000000203e+01 4.747800000000000153e+01 1.451479660000000038e+01 -3.035639999999999894e+00 -9.280445080000000457e-01 1.850072519999999887e+00 1.666042999999999884e+05
5.214903400000000373e+06 -2.719605731500000111e+05 7.449862000000000698e+05 2.247897833999999857e+05 -1.808085790000000159e+01 4.952920000000000300e+01 1.494478440000000141e+01 -2.582979700000000101e+00 -7.793801379000000473e-01 2.134969200000000011e+00 1.603658999999999942e+05
5.039093500000000000e+06 -2.430798290200000047e+05 7.057476999999999534e+05 2.312957646999999997e+05 -1.624308970000000230e+01 4.715950000000000131e+01 1.545565450000000141e+01 -2.274917739999999799e+00 -7.455622431399999694e-01 2.164633899999999667e+00 1.578581000000000058e+05
5.273427959999999963e+06 -2.050331964539999899e+05 7.404277199999999721e+05 2.333638827419999870e+05 -1.353799793999999856e+01 4.888920000000000243e+01 1.540862561999999869e+01 -1.900833580000000023e+00 -5.990941353129999314e-01 2.163483339999999977e+00 1.597359000000000233e+05
5.010117379999999888e+06 -2.113714076779999887e+05 7.479428800000000047e+05 2.267685818039999867e+05 -1.400538603999999943e+01 4.955839999999999890e+01 1.502559671999999757e+01 -2.090815040000000291e+00 -6.339135970319998981e-01 2.243118720000000010e+00 1.548738000000000175e+05
5.439649020000000484e+06 -2.764430778360000113e+05 7.250954699999999721e+05 2.210836149959999893e+05 -1.830742472000000021e+01 4.801939999999999742e+01 1.464124791999999964e+01 -2.440346919999999642e+00 -7.440685278559999727e-01 1.951652119999999879e+00 1.637472999999999884e+05
5.709455360000000335e+06 -3.085587054200000130e+05 7.722261400000000140e+05 2.397748225600000005e+05 -2.266746880000000175e+01 5.672960000000000491e+01 1.761443840000000094e+01 -3.065863700000000414e+00 -9.519451448000000315e-01 2.382421599999999806e+00 1.561130000000000000e+05
5.107086839999999851e+06 -1.970515364720000071e+05 7.311254799999999814e+05 2.286205095040000160e+05 -1.382635842000000004e+01 5.130030000000000001e+01 1.604143344000000226e+01 -1.979367740000000042e+00 -6.189417187519999919e-01 2.296475679999999908e+00 1.548823999999999942e+05
5.102392680000000633e+06 1.002259727700000076e+05 6.581833127099999692e+05 1.907261430689999834e+05 6.449451600000000617e+00 4.235350680000000523e+01 1.227305651999999903e+01 8.319472227000000997e-01 2.410788635299999927e-01 1.583163332189999828e+00 1.634180000000000000e+05
4.716607319999999367e+06 9.278744481000000087e+04 6.436214316000000108e+05 1.731720908880000061e+05 6.791268699999998937e+00 4.710773199999999861e+01 1.267475575999999826e+01 9.267267310000000258e-01 2.493440985799999787e-01 1.729578888800000103e+00 1.463360000000000000e+05
3.907247369999999646e+06 8.884075856500001100e+04 5.706059797099999851e+05 1.565503779579999973e+05 8.460690449999999529e+00 5.434128030000000109e+01 1.490897093999999790e+01 1.235580987350000104e+00 3.389916640300000283e-01 2.177273964019999841e+00 1.155980000000000000e+05
5.573197799999999814e+06 5.557035222000000067e+04 7.079239601999999722e+05 2.100130685999999987e+05 3.342838389999999826e+00 4.258521489999999687e+01 1.263335069999999938e+01 4.246171545100000388e-01 1.259671329300000031e-01 1.604725326299999866e+00 1.760162999999999884e+05
5.399963009999999776e+06 2.563910096669999984e+04 7.225698457799999742e+05 1.964431715399999812e+05 1.595280062999999915e+00 4.495872419999999181e+01 1.222281059999999897e+01 2.134646602139999849e-01 5.803407810199999461e-02 1.635536086799999955e+00 1.688000000000000000e+05
5.604574799999999814e+06 2.563612799440000163e+04 7.488885342399999499e+05 2.140274407039999787e+05 1.506825705000000015e+00 4.401774299999999585e+01 1.257998279999999802e+01 2.013434620539999997e-01 5.754264341839999963e-02 1.680949084639999924e+00 1.786590000000000000e+05
5.637679219999999739e+06 -1.847490205440000136e+04 7.843751973200000357e+05 1.982066060040000011e+05 -1.074777792000000121e+00 4.563104260000000068e+01 1.153067321999999884e+01 -1.495347659520000205e-01 -3.778648093439999911e-02 1.604272561319999957e+00 1.797260000000000000e+05
5.204243200000000186e+06 -2.920042784000000029e+04 7.112277760000000708e+05 1.916929135999999999e+05 -1.912031420000000148e+00 4.657088800000000361e+01 1.255196929999999966e+01 -2.613040556000000292e-01 -7.042769903499999928e-02 1.715390474000000109e+00 1.644510000000000000e+05
5.549021389999999665e+06 -6.143576732700000139e+04 7.675094500700000208e+05 2.125921415200000047e+05 -3.703670129999999894e+00 4.626949330000000060e+01 1.281616879999999981e+01 -5.122708356900000926e-01 -1.418936978399999993e-01 1.772660434400000096e+00 1.769490000000000000e+05
5.400630269999999553e+06 -2.640068695190000199e+03 7.064331818199999398e+05 1.936316614439999976e+05 -1.631728413000000100e-01 4.366201139999999725e+01 1.196765387999999852e+01 -2.134393648579999830e-02 -5.850322422360000087e-03 1.565437252079999730e+00 1.722780000000000000e+05
5.509540399999999441e+06 6.118919785999999476e+03 7.432824082600000547e+05 2.083968520199999912e+05 3.678765999999999425e-01 4.468700599999999667e+01 1.252906199999999970e+01 4.962958528999999314e-02 1.391483132999999858e-02 1.690273725299999974e+00 1.767590000000000000e+05
4.621105349999999627e+06 2.933681895000000368e+05 3.764067035399999586e+05 2.293874804699999804e+05 1.977682499999999877e+01 2.537469899999999612e+01 1.546369449999999901e+01 1.610898029999999981e+00 9.817036650000000586e-01 1.259577055799999901e+00 1.579550000000000000e+05
5.121549200000000186e+06 2.302664552000000258e+05 4.286556324000000022e+05 2.543663644399999757e+05 1.438964260000000195e+01 2.678723370000000159e+01 1.589567646999999972e+01 1.204362412200000065e+00 7.146745898199999836e-01 1.330412143590000040e+00 1.692470000000000000e+05
5.115669580000000075e+06 1.368544603240000142e+05 4.266632086000000127e+05 2.492459749460000021e+05 8.793303820000000215e+00 2.741437299999999766e+01 1.601479102999999782e+01 7.333896694000000549e-01 4.284279016339999635e-01 1.335684805099999872e+00 1.681700000000000000e+05
5.755784000000000000e+06 -1.397086303520000074e+05 4.867363592799999751e+05 2.694824745840000105e+05 -8.762457999999998748e+00 3.052787000000000006e+01 1.690181100000000214e+01 -7.409949548599999991e-01 -4.102532105580000144e-01 1.429297199370000104e+00 1.746100000000000000e+05
5.301465000000000000e+06 -3.579144432499999675e+04 4.541388832499999553e+05 2.544087546000000148e+05 -2.335657799999999895e+00 2.963593799999999945e+01 1.660206240000000122e+01 -2.000792280899999775e-01 -1.120844506319999961e-01 1.422180864720000049e+00 1.689640000000000000e+05
4.981684169999999925e+06 1.743558725609999965e+05 4.572476394600000349e+05 2.547445528409999970e+05 1.112661536999999967e+01 2.917950820000000078e+01 1.625666296999999716e+01 1.021264785060000069e+00 5.689731746010000535e-01 1.492130073860000072e+00 1.646530000000000000e+05
5.068368000000000000e+06 5.114177184000000125e+04 4.602825936000000220e+05 2.711322076799999923e+05 3.379168200000000510e+00 3.041295300000000168e+01 1.791493140000000039e+01 3.068783291400000168e-01 1.807685105320000207e-01 1.626940089779999932e+00 1.657350000000000000e+05
5.067641750000000000e+06 1.073915202129999961e+05 4.347731174599999795e+05 2.569896930679999932e+05 7.058132750000000399e+00 2.857475499999999968e+01 1.689022899999999794e+01 6.055452477799999622e-01 3.579312545239999865e-01 1.449079844079999901e+00 1.665240000000000000e+05
5.927804400000000373e+06 6.842349692099999629e+03 4.237442585099999560e+05 2.260066159200000111e+05 4.434284400000000348e-01 2.746136399999999966e+01 1.464668800000000282e+01 3.169812005099999913e-02 1.690638799200000139e-02 1.047006535199999977e+00 1.756402000000000116e+05
5.335244459999999963e+06 -5.323379055000000517e+04 4.140998426399999880e+05 2.167245537780000013e+05 -3.643799250000000267e+00 2.834471639999999582e+01 1.483457703000000016e+01 -2.828167870000000139e-01 -1.480158542749999973e-01 1.151399164519999907e+00 1.631130999999999767e+05
5.877126750000000000e+06 -1.422906787499999919e+05 4.708330632500000065e+05 2.232318239250000042e+05 -9.462910499999999558e+00 3.131231909999999985e+01 1.484582679000000027e+01 -7.581002295000001112e-01 -3.594312085500000475e-01 1.189340710410000002e+00 1.731087000000000116e+05
5.615238500000000000e+06 -5.715527241499999946e+04 4.901259470000000438e+05 2.195665903149999795e+05 -3.791427100000000383e+00 3.251278000000000645e+01 1.456507309999999933e+01 -3.309346162000000313e-01 -1.482520681489999936e-01 1.271312028200000110e+00 1.702851999999999825e+05
5.671557000000000000e+06 -1.106332713809999987e+05 5.508275858999999473e+05 2.273031689309999929e+05 -7.041913000000000089e+00 3.506069999999999709e+01 1.446806299999999901e+01 -6.839180030999999493e-01 -2.822239360789999818e-01 1.405153508099999948e+00 1.746976000000000058e+05
5.495005199999999255e+06 1.506524575799999911e+04 5.420490888000000268e+05 2.285777557800000068e+05 1.029711725999999938e+00 3.704913359999999756e+01 1.562332265999999947e+01 1.015748452439999977e-01 4.283329803389999968e-02 1.541146460039999999e+00 1.654102000000000116e+05
5.844565559999999590e+06 2.916878700160000335e+03 6.058304603999999817e+05 2.284214086200000020e+05 1.950650544000000208e-01 4.051466100000000381e+01 1.527558705000000039e+01 2.021986929600000371e-02 7.623669208800001179e-03 1.583422384500000168e+00 1.703242999999999884e+05
5.454225179999999702e+06 -3.543632861399999820e+04 5.349318503400000045e+05 2.203662560759999906e+05 -2.328181770000000039e+00 3.514524869999999623e+01 1.447815617999999915e+01 -2.283401475100000078e-01 -9.406518491399999682e-02 1.419968303339999904e+00 1.670820000000000000e+05
6.009245320000000298e+06 -3.396778268000000389e+04 5.368534126799999503e+05 2.283960583579999802e+05 -2.027716400000000085e+00 3.204761640000000256e+01 1.363416734000000119e+01 -1.811519436000000038e-01 -7.706831865999999587e-02 1.218048003659999878e+00 1.846082999999999884e+05
5.885888400000000373e+06 -4.515273924000000261e+04 5.113293527999999933e+05 1.821332217600000149e+05 -2.890168410000000243e+00 3.272953019999999924e+01 1.165811184000000011e+01 -2.510798442200000147e-01 -8.943351422400000472e-02 1.012784201280000129e+00 1.758796999999999825e+05
6.154117830000000075e+06 4.448548031400000036e+04 5.136372322200000053e+05 2.211697935690000013e+05 2.757128220000000240e+00 3.183429060000000277e+01 1.370769687000000125e+01 2.301164434799999881e-01 9.908706594600000250e-02 1.144076807580000077e+00 1.822784000000000233e+05
5.372704140000000596e+06 -2.165911573420000204e+05 7.146522199999999721e+05 2.240047487780000083e+05 -1.435461657000000102e+01 4.736370000000000147e+01 1.484595363000000212e+01 -1.909384609999999816e+00 -5.984886185390000390e-01 1.974739990000000001e+00 1.631103999999999942e+05
5.091544479999999516e+06 -2.823624344500000007e+05 7.837191400000000140e+05 2.427898777399999963e+05 -2.078586400000000012e+01 5.769279999999999831e+01 1.787276479999999879e+01 -3.199476999999999904e+00 -9.911722069999999718e-01 2.751076400000000088e+00 1.503023999999999942e+05
5.356533000000000000e+06 -3.635382804200000246e+05 6.894819399999999441e+05 2.252490799999999872e+05 -2.580688500000000118e+01 4.894499999999999318e+01 1.598999999999999844e+01 -3.321809299999999965e+00 -1.085212599999999972e+00 2.058199999999999807e+00 1.573188999999999942e+05
5.190343759999999776e+06 -2.906483062399999471e+05 7.442137600000000093e+05 2.335720357920000097e+05 -2.015145159999999791e+01 5.159839999999999804e+01 1.619419578000000115e+01 -2.889401599999999792e+00 -9.068408167199999426e-01 2.321993280000000492e+00 1.563977000000000116e+05
5.309321189999999478e+06 -3.394405292999999947e+05 7.035768900000000140e+05 2.164578319769999944e+05 -2.257242700000000113e+01 4.678710000000000235e+01 1.439421102999999924e+01 -2.991237000000000368e+00 -9.202642741000000015e-01 1.907481930000000103e+00 1.643281000000000058e+05
5.074442460000000894e+06 -1.862419075379999995e+05 7.319698199999999488e+05 2.243092728059999936e+05 -1.257482403000000026e+01 4.942170000000000130e+01 1.514508561000000242e+01 -1.813872509999999938e+00 -5.558540974829999648e-01 2.184623370000000175e+00 1.585955000000000000e+05
5.338263359999999404e+06 -2.575754483250000048e+05 6.955576199999999953e+05 2.149400281949999917e+05 -1.719920799999999872e+01 4.644479999999999364e+01 1.435229279999999896e+01 -2.240998499999999893e+00 -6.925095303749999598e-01 1.870055100000000081e+00 1.630590000000000000e+05
5.129143879999999888e+06 -2.243488625000000175e+05 7.424838400000000838e+05 2.331735013160000090e+05 -1.544303124999999888e+01 5.110880000000000223e+01 1.605047436999999988e+01 -2.235500000000000043e+00 -7.020480906250000652e-01 2.323432160000000302e+00 1.514693000000000175e+05
5.366819250000000000e+06 -2.781926121000000276e+05 6.989345999999999767e+05 2.251074198099999921e+05 -1.940843700000000283e+01 4.876200000000000045e+01 1.570488570000000017e+01 -2.527610399999999924e+00 -8.140730984399999759e-01 2.045287440000000068e+00 1.561967000000000116e+05
5.197176139999999665e+06 -2.070234812880000100e+05 7.214519000000000233e+05 2.350841487539999944e+05 -1.451657052000000014e+01 5.058849999999999625e+01 1.648419591000000040e+01 -2.015134199999999876e+00 -6.566288175719999787e-01 2.288272350000000177e+00 1.544187999999999884e+05
4.068034880000000354e+06 -2.399746628019999771e+05 6.901130600000000559e+05 2.255233600480000023e+05 -1.250556944000000037e+01 3.596320000000000761e+01 1.175248256000000069e+01 -2.121480529999999920e+00 -6.932826592240000085e-01 1.993724720000000117e+00 1.599587000000000116e+05
5.582848920000000857e+06 -2.088291238080000039e+04 7.362328508399999700e+05 2.025390936419999925e+05 -1.247201824000000014e+00 4.397044520000000745e+01 1.209635526000000105e+01 -1.644735452480000082e-01 -4.524699318239999712e-02 1.595195257020000090e+00 1.772460000000000000e+05
4.990776000000000000e+06 -2.583402925600000162e+04 6.493517743999999948e+05 1.796692995999999985e+05 -1.733509590000000156e+00 4.357266599999999812e+01 1.205613149999999933e+01 -2.255475958459999819e-01 -6.240681887650000037e-02 1.568627881099999843e+00 1.586680000000000000e+05
5.383219500000000000e+06 -3.580076299500000459e+04 7.214337791999999899e+05 1.976615242650000146e+05 -2.227164900000000003e+00 4.488038399999999939e+01 1.229652030000000096e+01 -2.984741734399999902e-01 -8.177723552300000809e-02 1.647921863679999932e+00 1.711070000000000000e+05
5.370012120000000112e+06 -4.676687725600000704e+04 6.926337175999999745e+05 1.957426974139999948e+05 -3.032399280000000363e+00 4.491088799999999992e+01 1.269210282000000056e+01 -3.911242544000000376e-01 -1.105342039160000095e-01 1.637050003600000192e+00 1.640790000000000000e+05
5.590197719999999739e+06 -4.721646629799999937e+04 7.174817818800000241e+05 2.099865212509999983e+05 -2.847158639999999519e+00 4.326423840000000354e+01 1.266221267999999966e+01 -3.654225765599999898e-01 -1.069488000619999990e-01 1.625149479720000123e+00 1.745460000000000000e+05
5.324714400000000373e+06 -6.570115633600000001e+04 7.061851553600000916e+05 1.965442285120000015e+05 -4.132176600000000199e+00 4.441446600000000444e+01 1.236135720000000049e+01 -5.480259700400000877e-01 -1.525256381679999940e-01 1.639413177680000056e+00 1.661990000000000000e+05
5.504230079999999143e+06 -2.377706687759999841e+04 7.196358355799999554e+05 1.904883063810000021e+05 -1.437180671999999770e+00 4.349765759999999659e+01 1.151387231999999905e+01 -1.879003418719999707e-01 -4.973740345039999455e-02 1.505350431819999946e+00 1.733150000000000000e+05
5.342647870000000112e+06 8.995430579100000614e+03 6.976683386399999727e+05 2.157336592109999910e+05 5.595497969999999599e-01 4.339760880000000043e+01 1.341944937000000060e+01 7.306867058400000337e-02 2.259436297409999836e-02 1.752375446639999890e+00 1.682132000000000116e+05
5.685664560000000522e+06 -6.297537136400000600e+04 7.432324171599999536e+05 2.251838007119999966e+05 -3.758103660000000623e+00 4.435296540000000221e+01 1.343801628000000115e+01 -4.912608610099999940e-01 -1.488417152820000200e-01 1.756623032580000077e+00 1.780908999999999942e+05
5.431231040000000969e+06 -6.831992454399999406e+04 7.342145564800000284e+05 2.091077754560000030e+05 -4.152971540000000239e+00 4.463078930000000355e+01 1.271105971000000245e+01 -5.614145549800000357e-01 -1.598935184059999959e-01 1.718329601270000229e+00 1.720405000000000000e+05
5.545970179999999702e+06 3.511876136399999814e+04 7.099607425400000066e+05 2.203507967579999822e+05 2.076818579999999859e+00 4.198495630000000034e+01 1.303088750999999945e+01 2.658614477399999787e-01 8.251552279799999334e-02 1.668133486529999931e+00 1.751808999999999942e+05
5.607137459999999963e+06 -6.578343458999998984e+04 4.397500812599999481e+05 2.337268202190000156e+05 -4.608744599999999636e+00 3.080860440000000011e+01 1.637474886000000041e+01 -3.614492825999999770e-01 -1.921100076900000009e-01 1.284219834660000004e+00 1.621711999999999825e+05
5.879804820000000298e+06 -6.173095808100000431e+04 5.013308867699999828e+05 2.083785802919999987e+05 -3.926928980000000013e+00 3.189146659999999756e+01 1.325571335999999967e+01 -3.348224725300000260e-01 -1.391692259879999949e-01 1.130224341959999990e+00 1.751391000000000058e+05
5.656837050000000745e+06 -2.448854990949999774e+04 4.949220818499999586e+05 2.236160841300000029e+05 -1.620881774999999969e+00 3.275858250000000282e+01 1.480100850000000001e+01 -1.418124961749999968e-01 -6.407383351499999768e-02 1.294954384500000000e+00 1.707701000000000058e+05
4.530144480000000447e+06 -1.627188892860000196e+05 7.189959599999999627e+05 2.348426428500000038e+05 -1.335180488000000132e+01 5.899680000000000746e+01 1.926987800000000206e+01 -2.119114260000000360e+00 -6.921574264750000038e-01 3.058393500000000209e+00 1.379770000000000000e+05
5.478355200000000186e+06 -3.323877885200000019e+05 6.905010200000000186e+05 2.087592875090000161e+05 -2.236646399999999701e+01 4.646399999999999864e+01 1.404746880000000075e+01 -2.819106399999999901e+00 -8.523009038800000159e-01 1.770566379999999995e+00 1.623442000000000116e+05
5.070546570000000298e+06 -2.048028067529999826e+05 7.077694200000000419e+05 2.247246249390000012e+05 -1.423015640999999931e+01 4.917739999999999867e+01 1.561436883000000009e+01 -1.986308459999999831e+00 -6.306749219070000301e-01 2.179522980000000221e+00 1.566633999999999942e+05
5.084424799999999814e+06 -2.257509753959999944e+04 6.526222404000000097e+05 1.968398744000000006e+05 -1.470721979999999984e+00 4.251702000000000226e+01 1.282371999999999979e+01 -1.887776712900000042e-01 -5.693795094000000251e-02 1.646016060000000003e+00 1.607705000000000000e+05
5.633118700000000186e+06 -4.502268578499999421e+04 7.169084455499999458e+05 2.029230750800000096e+05 -2.664919180000000054e+00 4.243423140000000160e+01 1.201113584000000145e+01 -3.391554782699999770e-01 -9.599897031199999820e-02 1.528617659760000080e+00 1.794086000000000058e+05
5.470621000000000000e+06 -6.156937965000000258e+04 6.916216300000000047e+05 2.037426994499999855e+05 -3.835231140000000316e+00 4.308194800000000413e+01 1.269137921999999996e+01 -4.848679542000000064e-01 -1.428357668130000036e-01 1.604503836599999955e+00 1.699646000000000058e+05
