9.274714758666305903e-01 5.915331807780319640e-01 1.833807288202782826e-01 3.428391432171355724e-02 1.509484665905991563e-01 9.240912928211899580e-01
6.380082537917834973e-01 5.537757437070940369e-01 1.351801738344150239e-01 3.952120957580848026e-01 3.468703907271866727e-01 6.457621519072058724e-01
8.766197098859034309e-01 5.823798627002290118e-01 2.442984703488810527e-01 8.153086938261233652e-02 1.956271046113600420e-01 8.626517689862357452e-01
8.656823803006687967e-01 6.098398169336384234e-01 6.814630135011615075e-02 2.230155396892062603e-01 1.487542787966492641e-01 8.510176248737165716e-01
8.233535514876879624e-01 4.084668192219682026e-01 3.844517139365665748e-01 6.606257874842505484e-02 2.542744482787409610e-01 8.756570936487448886e-01
9.218071089563844023e-01 3.970251716247140128e-01 3.076120537425507950e-01 3.841747165056698665e-01 1.689550691564856433e-01 9.120598481947401748e-01
7.920632016690531962e-01 5.617848970251718699e-01 1.071314372954431660e-01 2.230155396892062603e-01 1.853388598224473272e-01 8.577033644972413828e-01
8.624280080075149568e-01 6.235697940503434067e-01 1.003659499464342776e-02 3.049139017219655301e-01 1.929824256254695780e-01 8.450110184422646720e-01
8.994047137383766044e-01 4.702517162471397394e-01 3.820905668784174702e-01 3.546619067618646953e-02 2.488120251579327979e-01 9.099783885232872738e-01
9.432771704904074905e-01 4.427917620137298838e-01 2.785280425117860892e-01 2.410310793784124217e-01 7.770190354270441191e-02 9.347302865068465305e-01
8.019582525603994316e-01 5.320366132723112207e-01 1.240563766041024446e-01 3.091138177236454898e-01 2.286155831686750017e-01 7.706634060170440836e-01
5.648860266049332557e-01 7.208237986270021880e-01 1.951976031425173563e-01 3.973120537589247547e-01 2.853374683438621440e-01 5.491938180040032425e-01
4.843095277466022419e-01 7.288329519450800209e-01 4.146995901491647984e-01 2.737946241075178144e-01 4.672376367127709651e-01 4.705389514411411622e-01
9.619194463697037234e-01 5.697940503432497028e-01 1.724915064884858795e-01 9.103107937841245501e-02 2.630042370522917006e-01 9.497623755501720666e-01
9.317857180552574503e-01 4.347826086956520508e-01 2.357145524894097566e-01 2.534103317933640853e-01 2.662855174908854150e-02 9.142096769794890720e-01
8.516270102345611104e-01 5.652173913043477826e-01 2.573251745387949430e-01 1.540781184376312507e-01 1.787467300253248736e-01 8.541603251148849330e-01
7.947282687091223874e-01 0.000000000000000000e+00 3.713884147520092605e-02 3.238135237295254321e-01 2.147721105947179299e-01 7.923272990500720425e-01
8.244266147843494208e-01 5.617848970251718699e-01 8.431755413077877959e-02 2.818143637127257239e-01 1.834994990677092652e-01 7.841693445202423396e-01
8.770638877259150368e-01 3.729977116704805140e-01 2.759218367607697009e-01 2.378769424611508199e-01 1.689550691564856433e-01 8.652497952914800505e-01
7.997505567615301736e-01 5.091533180778032852e-01 1.668369737217142157e-01 2.503149937001259984e-01 2.427877925583724894e-01 7.986848669297763603e-01
8.040428099481763402e-01 4.416475972540047090e-01 2.331043334108697518e-01 2.526291474170516138e-01 5.059850972643524514e-02 8.029427433744822373e-01
8.717953228513226627e-01 5.137299771167048723e-01 2.284748044936163736e-01 1.425010499790003993e-01 1.428022291486933659e-01 8.668602677380057298e-01
7.047492726038144806e-01 5.343249427917620142e-01 9.788915353189202306e-02 4.288114237715245913e-01 4.589844293546321841e-01 7.481790836244655019e-01
8.103140733130916873e-01 4.656750572082382078e-01 1.373372145213656581e-01 3.133137337253254495e-01 1.892297818161578216e-01 8.023919921840430014e-01
7.612654054947877169e-01 5.629290617848969891e-01 7.274770421284723620e-02 3.784124317513649638e-01 2.805186040686833415e-01 7.393928929091277968e-01
8.568252103028148881e-01 5.068649885583526027e-01 1.240100185759731161e-01 2.797144057118857163e-01 1.618680947875212051e-01 8.366897376973388978e-01
8.825699338218996326e-01 4.244851258581234799e-01 2.978826011604250312e-01 3.503632927341452374e-01 9.975596944313022685e-02 8.340279002196852032e-01
9.492669746299691180e-01 4.370709382151031774e-01 2.374329774303564899e-01 2.582990340193196399e-01 5.376934155233348278e-02 9.440717863535098564e-01
7.844594047841031426e-01 5.308924485125856574e-01 1.629448650702905732e-01 2.419151616967660789e-01 2.220208443492054373e-01 8.346189132212876727e-01
9.248415912297305308e-01 4.096109839816933773e-01 3.222384211405713295e-01 3.503632927341452374e-01 1.417290512899006538e-01 8.853807008730508743e-01
8.842938715771919700e-01 4.416475972540047090e-01 2.116330803025885388e-01 2.622889542209155822e-01 6.510380430245171768e-02 8.601524980668634468e-01
8.475194646645534124e-01 4.828375286041190484e-01 1.297764330855445125e-01 3.028139437211255780e-01 1.957923426933458888e-01 8.110551184954483128e-01
8.324789873097071524e-01 5.343249427917620142e-01 2.173872091156592301e-01 6.409911801763963635e-02 1.527573887512870821e-01 8.367102484313275745e-01
8.201651462004763138e-01 5.812356979405034485e-01 1.059190847647534933e-01 2.545149097018059581e-01 2.020470389335708161e-01 8.116560070356376722e-01
7.210739076743375442e-01 4.736842105263156522e-01 3.084962962720282920e-01 2.850482990340193479e-01 7.092018478835607209e-02 7.092618650228098565e-01
7.575052861560761519e-01 5.560640732265447195e-01 1.634303957959984677e-01 2.524149517009659505e-01 2.358486627890796772e-01 8.165664286839122710e-01
9.335800206168882731e-01 5.320366132723112207e-01 2.928292484757546443e-01 4.842503149937003870e-02 2.181360100743049146e-01 9.074639244676269145e-01
8.636769833200226287e-01 3.947368421052632748e-01 3.803799064976592370e-01 6.705795884082320357e-02 2.503783082403360782e-01 8.833068377697418372e-01
8.847952208223535120e-01 4.107551487414189406e-01 3.913900200830185971e-01 3.503632927341452374e-01 7.820457518158796528e-02 8.660725036214739214e-01
7.858930877132492832e-01 4.713958810068649141e-01 3.726123977420527922e-01 7.861822763544731862e-02 2.820927142181281488e-01 8.262110315995205845e-01
9.613741191205806835e-01 4.370709382151031774e-01 2.247147261272536278e-01 2.406320873582528386e-01 4.971057245428991966e-02 9.605001246217005351e-01
9.127344467391189653e-01 4.313501144164761381e-01 2.980980103724040209e-01 3.503632927341452374e-01 1.434736175660256130e-01 8.652270055870480148e-01
9.493989086418537227e-01 6.098398169336384234e-01 2.659941749417658596e-01 6.417261654766905077e-02 2.792706217126318391e-01 9.329283805430922394e-01
8.430469016616648492e-01 4.210526315789475116e-01 3.069261842592380662e-01 2.434670306593868239e-01 6.670139565302081464e-02 8.390264420584300220e-01
9.426878652373229528e-01 5.938215102974827575e-01 8.988690606847883624e-02 1.614237715245695204e-01 3.333634820360114603e-01 9.359419391258128051e-01
7.791424641051531985e-01 6.155606407322655738e-01 2.437540338036844056e-01 5.993910121797565299e-02 1.852997244872400806e-01 7.864369201112230146e-01
5.757705825854140258e-01 4.050343249427918457e-01 3.878122614527262924e-01 6.967660646787066092e-02 2.543466312303453436e-01 8.872570532046161196e-01
8.518469002543688218e-01 5.881006864988557181e-01 3.060887911857499422e-01 4.099328013439733354e-02 2.045334372304009884e-01 8.342816255956944094e-01
9.389277458986113878e-01 4.405034324942791457e-01 2.154506557285746082e-01 2.838660226795464148e-01 8.705090028664455581e-02 9.418156056147450883e-01
1.866048277293628488e-01 7.711670480549198681e-01 7.986128629604271056e-01 2.734733305333893472e-01 2.602873751147969372e-01 1.827566411287771253e-01
9.047876214232689618e-01 6.098398169336384234e-01 2.502378052176534307e-01 1.829693406131877587e-01 1.496196045417861054e-01 8.914906206312611658e-01
8.917701322506534911e-01 5.354691075514875775e-01 2.141716328182077522e-01 1.060709785804284239e-01 1.229197395152087785e-01 8.894775300731042611e-01
3.875755102328019563e-01 8.237986270022884527e-01 5.036382042570758388e-01 4.225115497690045685e-01 4.106479420031725613e-01 3.859830707440284892e-01
7.561023878297030709e-01 3.672768878718534191e-01 4.321698505731688122e-01 5.452750944981099579e-02 2.396004369242756560e-01 7.975263902878181321e-01
8.051510556480070413e-01 4.977116704805491509e-01 1.139907873657173415e-01 3.238135237295254321e-01 2.205310925889850671e-01 7.482573282763487210e-01
9.408539824721267042e-01 5.926773455377576383e-01 1.727088814119050186e-01 4.045989080218397732e-02 3.193051999554725739e-01 9.643006876641383451e-01
7.179206847902952493e-01 4.622425629290619065e-01 5.140826843755427200e-01 3.559428811423775724e-03 2.086870008070575433e-01 7.525699000116912174e-01
5.297036234357024309e-01 4.244851258581234799e-01 3.706160539653314268e-01 5.658546829063419020e-02 2.487033158934683352e-01 8.503377320248296511e-01
9.164505880738689214e-01 5.652173913043477826e-01 1.663226125615513418e-01 3.362452750944981694e-02 1.148222038237831089e-01 9.170401582699394538e-01
9.292525850270728638e-01 4.130434782608696787e-01 3.222638115800061653e-01 3.503632927341452374e-01 1.532096192914590149e-01 8.847046063082358858e-01
8.955082625873842517e-01 5.858123569794049246e-01 2.165583341250782445e-01 7.048089038219236546e-02 1.387278059165668598e-01 8.744993766636008914e-01
9.331006603737075356e-01 5.434782608695654105e-01 2.343268912601193521e-01 4.876102477950439856e-02 3.193486836612584590e-01 9.645027563767682999e-01
8.157805392055109683e-01 5.755148741418762981e-01 1.603119584055459346e-01 1.957160856782864111e-01 1.505545042161800517e-01 8.602299830619319909e-01
8.772705843445341989e-01 5.663615560640733460e-01 2.703421648380090470e-01 8.880302393952123341e-02 1.863224612473214081e-01 8.806229702444706708e-01
7.270857008158799761e-01 3.901601830663617432e-01 4.865053909636245510e-01 2.184796304073921211e-02 2.415302437870481267e-01 7.580394290753632580e-01
8.307022759496610620e-01 6.910755148741419829e-01 6.731578826666839710e-02 3.343133137337253036e-01 2.256421673670441497e-01 7.835335117665903626e-01
7.166277314738260795e-01 5.983981693363846777e-01 5.661560185170018134e-01 1.387211255774884466e-01 3.245119388862605092e-01 7.134931534790117658e-01
4.791509078819137790e-01 6.475972540045769055e-01 4.524740116566688952e-01 3.889122217555648353e-01 4.013163387415466521e-01 4.994400949449475102e-01
8.627622408376226515e-01 4.496567505720825420e-01 3.174391366595355479e-01 3.503632927341452374e-01 1.418481966437536157e-01 8.051609412725270198e-01
8.058503059109956013e-01 4.290617848970253445e-01 3.235667506462276410e-01 3.503632927341452374e-01 7.423799153981017196e-02 8.992178497473268806e-01
8.488256113822110205e-01 6.155606407322655738e-01 2.105309714218318862e-01 7.904661906761863144e-02 1.961541271254835517e-01 8.295550408965043365e-01
9.002534892148342793e-01 4.450800915331806218e-01 2.628780472622553877e-01 2.676900461990759927e-01 5.756894776389384627e-02 8.799111718093788337e-01
9.038201053361151205e-01 5.572082379862699497e-01 2.670522191244066312e-01 6.495800083998320984e-02 2.624459062700024159e-01 8.868969758745911536e-01
9.241863189707035797e-01 5.160183066361555548e-01 1.654326367070402259e-01 1.226648467030659329e-01 2.821275011827567569e-01 9.244582070625446679e-01
8.079480566999609481e-01 5.183066361556063484e-01 7.461021580235428774e-02 3.238135237295254321e-01 2.200710349817716349e-01 7.856962547171840727e-01
9.443766205894459365e-01 5.606407322654463066e-01 2.744495188921250994e-01 4.802603947921043476e-02 2.688962791862632429e-01 9.407520860745867131e-01
2.716802763929592746e-01 4.405034324942791457e-01 3.154419738363807846e-01 4.114510709785804132e-01 2.441210029777641233e-01 2.637003536734231490e-01
8.407820344576456550e-01 4.221967963386726863e-01 5.729475515425921373e-01 1.354472910541802992e-03 1.907856288091725472e-01 8.808455496910894134e-01
8.363666428599071390e-01 4.782608695652175723e-01 8.955535607224644756e-02 3.112137757244854974e-01 1.756706926780396416e-01 8.158409564261611679e-01
9.060893703405304977e-01 5.755148741418762981e-01 2.365270629322517582e-01 3.274884502309954176e-02 1.601174407925861631e-01 9.059089069685524187e-01
8.473215636467263945e-01 4.977116704805491509e-01 5.183744876864558593e-02 2.755144897102058121e-01 1.438727979851389671e-01 8.459400787262744137e-01
9.497991084779037196e-01 4.233409610983983051e-01 2.740229595096205784e-01 2.624359512809743555e-01 1.689550691564856433e-01 9.446795118050289597e-01
9.375820189773882429e-01 6.098398169336384234e-01 1.745733587128521502e-01 3.481730365392695509e-02 1.388086856093284083e-01 9.307420882312522625e-01
9.079628333092920611e-01 4.599542334096111129e-01 2.145886912620850462e-01 2.427131457370852730e-01 7.555989619569748739e-02 8.887581350698684490e-01
2.701542396554938996e-01 6.138215102974828863e-01 1.000000000000000000e+00 1.120642587148256847e-01 2.718975245595970369e-01 2.608212543468513278e-01
8.999676321890842656e-01 3.764302059496568709e-01 3.606952721363679837e-01 2.589038219235614835e-01 1.689550691564856433e-01 8.791059355861159386e-01
9.382680758391882536e-01 5.778032036613270916e-01 2.669269050200994142e-01 6.135237295254093726e-02 1.978708638299055966e-01 9.016031721445393332e-01
9.369267467183612919e-01 5.217391304347827052e-01 1.730756504047727684e-01 9.003149937001260483e-02 2.512879873653744434e-01 9.240472327259549035e-01
9.417071557489805622e-01 5.606407322654463066e-01 2.153605606209027523e-01 9.890592188156235864e-02 7.373097153034811890e-02 9.280665769309395241e-01
8.396034239514764685e-01 5.480549199084668865e-01 0.000000000000000000e+00 2.860142797144056837e-01 1.470288453510699977e-01 8.247555291431324376e-01
7.951416619463609337e-01 3.752860411899312520e-01 4.369072151438410101e-01 4.318563628727427328e-02 2.396726198758800941e-01 8.283304741116934711e-01
8.840651859565920034e-01 5.972540045766591144e-01 1.028312797109093707e-01 2.398152036959260436e-01 1.931389669662983977e-01 8.728000243697908722e-01
8.455844324902457299e-01 4.221967963386726863e-01 3.280713422205331908e-01 7.015959680806384269e-02 2.458629602315419715e-01 8.751253338786657565e-01
9.154610829847343867e-01 5.125858123569796421e-01 1.886566983255415220e-01 1.495968080638387099e-01 3.139671402332117611e-01 9.130945007759514453e-01
5.757705825854140258e-01 4.050343249427918457e-01 3.878122614527262924e-01 6.967660646787066092e-02 2.543466312303453436e-01 8.872570532046161196e-01
8.039064781358955525e-01 4.267734553775746065e-01 2.955935301884135002e-01 3.123372532549348879e-01 1.470305846993014698e-01 7.616477989437580032e-01
8.569571443146996037e-01 4.473684210526318039e-01 5.256148581575387224e-01 3.137337253254924869e-03 2.029706328444604302e-01 9.027540522183536975e-01
8.258515021127033062e-01 4.359267734553776141e-01 3.119742950467347953e-01 8.142377152456949096e-02 2.825292906242172219e-01 8.626213827136598455e-01
1.318434171964550095e-01 5.537757437070940369e-01 3.779063862688503694e-01 5.135972280554388369e-01 2.374219032644087068e-01 2.586182495850944951e-01
8.418419043531187862e-01 4.027459954233411077e-01 4.158413408772970721e-01 2.217345653086939469e-02 2.415667700999081513e-01 8.831245201342861062e-01
8.694117150366073021e-01 5.560640732265447195e-01 4.648088509433776633e-02 2.692146157076858448e-01 1.317017087357025273e-01 8.632313871356220858e-01
7.911484591866532190e-01 5.137299771167048723e-01 1.289762247201318435e-01 3.217135657286854244e-01 2.146216569726991930e-01 7.741851750085974038e-01
7.751932393494069817e-01 6.189931350114418196e-01 6.220002424377443773e-02 2.020159596808064062e-01 1.057741143238805359e-01 7.877374525774738512e-01
8.374880819609263893e-01 4.107551487414189406e-01 3.744462427063915966e-01 5.837883242335153294e-02 2.430956571953356848e-01 8.795313434021793109e-01
8.726221093257996442e-01 5.995423340961097969e-01 1.910399596373917874e-01 6.290004199916002237e-02 3.039154468037736367e-01 8.810339445810602133e-01
9.141945164706420934e-01 3.741418764302060773e-01 3.408094799710385536e-01 2.807475850482990531e-01 1.689550691564856433e-01 8.963805315455469769e-01
8.340050240471725829e-01 5.903890160183068447e-01 1.926888639170730444e-02 3.427131457370852230e-01 2.249038140428018251e-01 8.193536095359416072e-01
9.323310453043806012e-01 6.132723112128147802e-01 3.390249416019893158e-01 3.503632927341452374e-01 9.677646592268937531e-02 9.034764858488468775e-01
8.935336502095112543e-01 4.336384439359268761e-01 2.536494907169277169e-01 2.525325493490130357e-01 1.178364943088525130e-01 8.754535056224861389e-01
8.412174166968648947e-01 3.707093821510297760e-01 4.475253331061844753e-01 4.294834103317934221e-02 2.382898380318926868e-01 8.652801815640559502e-01
0.000000000000000000e+00 8.318077803203662857e-01 5.373648982908140193e-01 1.000000000000000000e+00 1.000000000000000000e+00 0.000000000000000000e+00
8.445025735927917943e-01 4.599542334096111129e-01 2.316546703665724460e-01 2.824023519529609838e-01 6.899211727381510117e-02 8.468736969511706514e-01
8.733081661875996549e-01 6.041189931350113840e-01 2.755832429652102511e-01 7.683116337673248641e-02 3.681643614504772066e-01 8.838416361670786703e-01
8.334113209936917510e-01 1.372997711670491915e-02 1.079259123358221467e-01 2.713145737085258524e-01 1.796329279492388242e-01 8.127476338779289211e-01
8.635230603061572197e-01 4.267734553775746065e-01 3.058548715243765148e-01 3.062620747585048653e-01 1.114591740183118601e-01 8.253944005240416715e-01
8.143072760727994019e-01 6.075514874141876298e-01 9.757824350578082895e-02 1.558168836623267384e-01 6.251826315642995680e-02 8.559288061788055124e-01
8.127240679301840354e-01 5.789473684210526550e-01 3.183142058689588522e-02 2.797144057118857163e-01 1.907856288091725472e-01 7.926942132914266415e-01
8.595034707440726285e-01 5.446224256292905297e-01 5.779683061792139503e-02 2.608147837043258699e-01 1.139403542704477690e-01 8.308692471854146611e-01
7.912671997973493854e-01 6.086956521739133041e-01 2.673531367840303527e-02 3.511129777404451979e-01 2.467308949990259515e-01 7.750595400019706371e-01
8.338730900352879782e-01 6.521739130434783815e-01 1.326668479489439278e-01 4.753884922301553767e-02 3.041302563103553402e-01 8.396030215805586616e-01
8.491422530107340938e-01 4.427917620137298838e-01 4.376459950267501120e-01 2.413481730365392083e-02 2.448802284807836405e-01 8.546981621394792450e-01
8.139774410430878904e-01 4.324942791762013128e-01 1.227042947518780791e-01 3.238135237295254321e-01 1.948522249742575818e-01 7.741198445225593305e-01
8.720811798770726764e-01 3.615560640732267683e-01 3.401914275324097181e-01 2.851826963460730169e-01 1.689550691564856433e-01 8.567325230884395015e-01
8.539754356461072282e-01 5.881006864988557181e-01 9.214698279674872483e-02 2.293154136917261721e-01 1.713344975370828249e-01 8.568859737649481279e-01
9.737187448325845818e-01 4.199084668192219483e-01 2.388999223543981643e-01 2.817429651406971880e-01 3.137610274677867656e-02 9.629112753506026134e-01
9.621349385891152517e-01 4.553775743707096368e-01 2.152006827571068814e-01 2.582675346493070179e-01 1.121096902568669146e-01 9.504901267783660845e-01
9.410518834899536111e-01 5.869565217391304879e-01 9.875799798842196942e-02 1.501091978160436768e-01 3.110111179138952964e-01 9.267827569146053213e-01
8.018175229477224608e-01 3.970251716247140128e-01 4.135103347278964447e-01 5.700755984880304106e-02 2.506331227562407782e-01 8.515835692004437574e-01
8.092805902199955437e-01 5.972540045766591144e-01 2.467733174329119206e-01 5.913691726165479223e-02 3.014742715609606272e-01 7.988763004470049722e-01
8.937315512273381612e-01 3.935926773455377115e-01 2.983894270934007720e-01 3.108273834523309631e-01 1.689550691564856433e-01 8.984999740577198635e-01
8.702824795150457815e-01 4.828375286041190484e-01 2.220012252934643326e-01 2.580428391432171287e-01 6.918518492750395932e-02 8.440477736016067656e-01
9.347410399214728383e-01 5.903890160183068447e-01 2.523275497734517869e-01 4.684796304073918227e-02 1.275429271143517229e-01 9.318732172278924031e-01
9.450274950480767044e-01 4.141876430205948534e-01 2.864554291311883216e-01 3.205984880302393258e-01 2.043890713271922233e-01 8.909687363997690346e-01
9.359856174335844381e-01 4.302059496567505192e-01 2.519326219642044062e-01 2.682339353212935817e-01 7.634521192218844676e-02 9.403722576673871902e-01
9.046688808125727954e-01 4.382151029748283522e-01 2.471585329895522598e-01 2.544771104577908116e-01 4.732766537722976619e-02 9.063320358141725430e-01
9.437037571288344751e-01 4.485125858123569786e-01 2.232189835306143399e-01 2.474674506509869920e-01 7.743491358917985179e-02 9.235610523647396208e-01
9.382636780387920705e-01 5.686498855835241395e-01 2.242301782572657942e-01 1.067240655186896398e-01 0.000000000000000000e+00 9.336925952983775590e-01
